No.1:Traction sensor V,1324,0,1258,1679,2078,1695,0,0,0,0,0,0,Traction sensor F/M,5.63824,106.043,-2.20108,-398.802,-11.4564,-8.21943,5.86987e-316,0,0.00189999,0.017937,-0.893032,-0.0787598,Contact sensor V,1986.69,1852.11,2457.28,1756.29,1717.83,1918.95,Contact sensor F/M,1.72635,0.517463,3.61835,-0.122195,3.04721,0.616933,Robot TCP position,0.340218,0.516405,1.14045,-2.52947,1.24996,1.13917,Robot Joint position,89.9433,-90.3055,-89.5183,-65.1179,-65.4767,29.7821,Robot TCP Torque,-22.2495,33.5858,28.56,12.085,11.526,1.20414,Robot Joint Torque,24.4353,-7.40582,13.7379,-3.18453,-1.14822,1.61215,
No.2:Traction sensor V,1324,0,1261,1680,2077,1693,0,0,0,0,0,0,Traction sensor F/M,5.63972,106.038,-1.9125,-398.544,-11.2416,-8.64261,5.87253e-316,0,0.00189999,0.017937,-0.893032,-0.0787598,Contact sensor V,1986.39,1853.03,2459.72,1756.9,1718.14,1918.95,Contact sensor F/M,1.67915,0.463398,4.02527,-0.770248,2.57801,0.588932,Robot TCP position,0.340279,0.516246,1.1405,-2.52936,1.24975,1.13944,Robot Joint position,89.9433,-90.2966,-89.5183,-65.1158,-65.4678,29.7821,Robot TCP Torque,-23.0443,39.7265,31.6449,14.6498,10.2269,-0.687519,Robot Joint Torque,25.0189,-8.92562,11.0556,-3.24228,-1.8447,1.64094,
No.3:Traction sensor V,1323,0,1259,1679,2078,1695,0,0,0,0,0,0,Traction sensor F/M,5.74439,106.048,-2.11658,-398.823,-11.0551,-8.20734,5.87667e-316,0,0.00189999,0.017937,-0.893032,-0.0787598,Contact sensor V,1985.47,1852.42,2458.19,1756.59,1718.14,1918.64,Contact sensor F/M,2.14066,0.574682,3.76892,-0.592885,3.38036,0.44639,Robot TCP position,0.340334,0.516326,1.14038,-2.52953,1.24994,1.13957,Robot Joint position,89.9433,-90.2945,-89.5314,-65.1179,-65.4595,29.7807,Robot TCP Torque,-23.454,32.2667,28.1716,11.2001,10.5487,1.1981,Robot Joint Torque,25.9671,-6.1755,13.0146,-3.04015,-1.03214,1.52579,
No.4:Traction sensor V,1324,0,1258,1679,2079,1694,0,0,0,0,0,0,Traction sensor F/M,5.63327,106.038,-2.19847,-398.8,-11.7417,-8.43196,5.87601e-316,0,0.00189999,0.017937,-0.893032,-0.0787598,Contact sensor V,1986.39,1852.72,2459.11,1756.9,1718.14,1918.95,Contact sensor F/M,1.67602,0.617167,3.92205,-1.05016,2.56758,0.619758,Robot TCP position,0.340326,0.516276,1.14042,-2.52946,1.2498,1.13954,Robot Joint position,89.9426,-90.2945,-89.5272,-65.1158,-65.4616,29.7835,Robot TCP Torque,-24.7804,32.1094,27.9089,11.7569,10.9778,1.07885,Robot Joint Torque,24.1436,-6.82685,13.3461,-3.2134,-0.916062,1.55458,
No.5:Traction sensor V,1324,0,1252,1679,2077,1694,0,0,0,0,0,0,Traction sensor F/M,5.64818,106.048,-2.74222,-398.799,-11.1392,-8.42053,5.87715e-316,0,0.00189999,0.017937,-0.893032,-0.0787598,Contact sensor V,1986.69,1852.72,2458.19,1756.9,1718.44,1919.56,Contact sensor F/M,1.31677,0.605227,3.77062,-1.03266,1.53574,1.02936,Robot TCP position,0.340319,0.516268,1.14042,-2.52945,1.2498,1.13958,Robot Joint position,89.944,-90.2939,-89.5279,-65.1145,-65.4609,29.7814,Robot TCP Torque,-24.4192,31.0594,29.6495,10.809,10.8738,1.62309,Robot Joint Torque,24.6541,-6.53736,13.0447,-3.38666,-1.06116,1.52579,
No.6:Traction sensor V,1324,0,1252,1678,2078,1695,0,0,0,0,0,0,Traction sensor F/M,5.64555,106.051,-2.75574,-399.07,-11.3838,-8.21382,5.8667e-316,0,0.00189999,0.017937,-0.893032,-0.0787598,Contact sensor V,1987,1852.72,2456.05,1755.37,1718.44,1919.56,Contact sensor F/M,1.17545,-0.426658,3.42782,2.73187,1.29438,0.807864,Robot TCP position,0.34034,0.5163,1.14039,-2.52947,1.24988,1.13959,Robot Joint position,89.9426,-90.2952,-89.5293,-65.1151,-65.4595,29.7814,Robot TCP Torque,-25.0381,30.7267,29.3904,10.7476,10.9186,1.78005,Robot Joint Torque,24.6541,-6.53736,13.0447,-3.38666,-1.06116,1.52579,
No.7:Traction sensor V,1324,0,1257,1678,2079,1695,0,0,0,0,0,0,Traction sensor F/M,5.63688,106.045,-2.30242,-399.075,-11.7004,-8.22276,5.86669e-316,0,0.00189999,0.017937,-0.893032,-0.0787598,Contact sensor V,1986.69,1852.42,2455.14,1756.29,1718.44,1918.64,Contact sensor F/M,1.32384,0.342624,3.26472,0.170474,1.53581,0.264172,Robot TCP position,0.340362,0.516284,1.1404,-2.52947,1.24989,1.13961,Robot Joint position,89.9412,-90.2939,-89.5293,-65.1172,-65.4582,29.7821,Robot TCP Torque,-26.0731,23.8675,28.6996,7.99494,11.1779,3.14237,Robot Joint Torque,24.5812,-1.61609,13.2557,-3.24228,-1.29332,1.64094,
No.8:Traction sensor V,1324,0,1255,1679,2077,1692,0,0,0,0,0,0,Traction sensor F/M,5.64769,106.045,-2.46428,-398.816,-11.176,-8.84865,5.87445e-316,0,0.00189999,0.017937,-0.893032,-0.0787598,Contact sensor V,1986.08,1852.72,2456.97,1756.59,1718.44,1919.56,Contact sensor F/M,1.6322,0.403564,3.568,-0.302352,2.087,1.03526,Robot TCP position,0.340332,0.516317,1.1404,-2.52952,1.2498,1.1396,Robot Joint position,89.944,-90.2959,-89.5272,-65.1165,-65.4589,29.7835,Robot TCP Torque,-27.4358,21.5459,28.0404,7.43202,11.9109,3.73933,Robot Joint Torque,24.9459,0.555062,13.1954,-2.9824,-1.35136,1.78488,
No.9:Traction sensor V,1325,0,1260,1679,2076,1690,0,0,0,0,0,0,Traction sensor F/M,5.54487,106.041,-2.0028,-398.801,-11.2891,-9.27496,5.87499e-316,0,0.00189999,0.017937,-0.893032,-0.0787598,Contact sensor V,1986.69,1851.81,2457.89,1756.9,1718.14,1919.25,Contact sensor F/M,1.50968,1.0772,3.71504,-1.87649,2.26443,0.927486,Robot TCP position,0.340317,0.516309,1.1404,-2.52951,1.24985,1.13957,Robot Joint position,89.9446,-90.2945,-89.53,-65.1158,-65.4602,29.7814,Robot TCP Torque,-26.3873,21.1242,28.8746,7.22683,11.759,3.91416,Robot Joint Torque,24.9459,1.85775,13.4064,-3.30003,-1.23528,1.64094,
No.10:Traction sensor V,1325,0,1256,1678,2074,1690,0,0,0,0,0,0,Traction sensor F/M,5.56224,106.055,-2.37103,-399.111,-10.7449,-9.28863,5.87479e-316,0,0.00189999,0.017937,-0.893032,-0.0787598,Contact sensor V,1986.39,1852.42,2459.41,1756.29,1718.14,1918.64,Contact sensor F/M,1.67303,0.364033,3.97776,0.19726,2.56909,0.340359,Robot TCP position,0.340345,0.516353,1.14038,-2.5295,1.25003,1.1395,Robot Joint position,89.9405,-90.298,-89.5293,-65.1179,-65.4616,29.7807,Robot TCP Torque,-27.371,16.4183,28.382,5.17323,11.9792,4.93318,Robot Joint Torque,25.4565,3.81179,13.4667,-2.9824,-0.858023,1.64094,
No.11:Traction sensor V,1326,0,1250,1677,2075,1690,0,0,0,0,0,0,Traction sensor F/M,5.45716,106.054,-2.92419,-399.329,-11.2899,-9.27978,5.87602e-316,0,0.00189999,0.017937,-0.893032,-0.0787598,Contact sensor V,1986.08,1851.81,2458.8,1756.29,1718.14,1919.56,Contact sensor F/M,1.82017,0.676913,3.87265,-0.360455,2.82269,1.13978,Robot TCP position,0.34034,0.51632,1.14039,-2.5295,1.24984,1.13957,Robot Joint position,89.9426,-90.2966,-89.5286,-65.1151,-65.4595,29.7835,Robot TCP Torque,-29.1468,11.9825,28.5818,3.32964,12.3107,6.03754,Robot Joint Torque,24.4353,5.98294,13.0749,-2.89577,-1.20626,1.52579,
No.12:Traction sensor V,1326,0,1246,1677,2077,1692,0,0,0,0,0,0,Traction sensor F/M,5.44698,106.049,-3.289,-399.32,-11.8718,-8.86967,5.87315e-316,0,0.00189999,0.017937,-0.893032,-0.0787598,Contact sensor V,1985.47,1852.11,2459.41,1755.98,1718.14,1919.25,Contact sensor F/M,2.13502,0.324596,3.97761,0.666179,3.3838,0.881751,Robot TCP position,0.340329,0.51627,1.14043,-2.52944,1.24986,1.13959,Robot Joint position,89.9433,-90.2939,-89.5272,-65.1158,-65.4602,29.78,Robot TCP Torque,-29.0188,8.51074,29.7609,1.66881,12.5347,7.06794,Robot Joint Torque,24.6541,9.09492,12.9845,-3.41553,-1.52548,1.66973,
No.13:Traction sensor V,1325,0,1253,1677,2079,1694,0,0,0,0,0,0,Traction sensor F/M,5.53688,106.047,-2.66654,-399.333,-12.059,-8.44572,5.87315e-316,0,0.00189999,0.017937,-0.893032,-0.0787598,Contact sensor V,1986.69,1851.81,2460.02,1755.37,1718.14,1918.95,Contact sensor F/M,1.51056,0.0598109,4.08671,1.93955,2.2952,0.507241,Robot TCP position,0.340345,0.516334,1.14038,-2.52948,1.24994,1.13951,Robot Joint position,89.9405,-90.298,-89.5286,-65.1158,-65.4616,29.7828,Robot TCP Torque,-30.7719,3.40303,28.9628,-0.417728,12.7238,8.26384,Robot Joint Torque,24.5083,10.47,13.105,-3.30003,-1.35136,1.72731,
No.14:Traction sensor V,1326,0,1254,1676,2080,1694,0,0,0,0,0,0,Traction sensor F/M,5.42756,106.043,-2.58465,-399.567,-12.6576,-8.44813,5.86967e-316,0,0.00189999,0.017937,-0.893032,-0.0787598,Contact sensor V,1986.69,1852.72,2457.89,1757.2,1718.14,1918.95,Contact sensor F/M,1.52309,0.815339,3.71553,-1.81841,2.28873,0.629646,Robot TCP position,0.340357,0.516366,1.14037,-2.52951,1.24996,1.13957,Robot Joint position,89.9412,-90.2994,-89.5279,-65.1165,-65.4589,29.7814,Robot TCP Torque,-29.9941,2.3793,29.5336,-0.880316,12.7255,8.5023,Robot Joint Torque,25.0189,12.424,13.105,-2.95352,-1.35136,1.64094,
No.15:Traction sensor V,1325,0,1256,1678,2081,1695,0,0,0,0,0,0,Traction sensor F/M,5.51945,106.033,-2.3875,-399.04,-12.6583,-8.23663,5.86967e-316,0,0.00189999,0.017937,-0.893032,-0.0787598,Contact sensor V,1987,1853.33,2454.53,1756.29,1718.75,1918.64,Contact sensor F/M,0.97852,-0.135135,3.16775,1.00778,0.533911,0.101692,Robot TCP position,0.340329,0.516342,1.14038,-2.52955,1.24987,1.13954,Robot Joint position,89.9433,-90.2966,-89.53,-65.1165,-65.4602,29.7835,Robot TCP Torque,-31.5074,-3.2718,29.0275,-2.79309,13.4457,9.71784,Robot Joint Torque,24.7271,16.115,13.1351,-2.60702,-1.23528,1.66973,
No.16:Traction sensor V,1325,0,1258,1679,2080,1696,0,0,0,0,0,0,Traction sensor F/M,5.51954,106.031,-2.19832,-398.765,-12.415,-8.02326,5.87597e-316,0,0.00189999,0.017937,-0.893032,-0.0787598,Contact sensor V,1986.08,1852.72,2456.67,1756.9,1717.53,1918.95,Contact sensor F/M,2.25242,0.62712,3.51021,-1.1372,4.36104,0.710977,Robot TCP position,0.340343,0.516336,1.14038,-2.52952,1.24989,1.13961,Robot Joint position,89.9433,-90.2966,-89.5286,-65.1165,-65.4582,29.7814,Robot TCP Torque,-30.3844,2.71,27.8091,-0.0151885,12.5451,8.04328,Robot Joint Torque,24.3624,10.1805,13.0447,-2.72252,-0.858023,1.69852,
No.17:Traction sensor V,1326,0,1259,1681,2081,1698,0,0,0,0,0,0,Traction sensor F/M,5.39786,106.011,-2.08677,-398.169,-13.1493,-7.60806,5.87154e-316,0,0.00189999,0.017937,-0.893032,-0.0787598,Contact sensor V,1987,1851.81,2457.28,1757.2,1718.44,1919.56,Contact sensor F/M,1.148,1.27049,3.61193,-2.61225,1.22572,1.13894,Robot TCP position,0.340336,0.516338,1.14038,-2.5295,1.24997,1.13956,Robot Joint position,89.9426,-90.2966,-89.53,-65.1165,-65.4602,29.78,Robot TCP Torque,-30.5407,4.38948,28.4609,0.262505,12.7794,7.97444,Robot Joint Torque,24.8,11.1213,12.894,-3.38666,-1.03214,1.61215,
No.18:Traction sensor V,1325,0,1256,1683,2081,1698,0,0,0,0,0,0,Traction sensor F/M,5.4991,106.006,-2.34447,-397.617,-12.7708,-7.58143,5.87454e-316,0,0.00189999,0.017937,-0.893032,-0.0787598,Contact sensor V,1985.17,1852.42,2459.41,1756.29,1717.53,1918.64,Contact sensor F/M,2.70748,0.389953,3.97274,0.126265,5.18026,0.511933,Robot TCP position,0.340308,0.516342,1.14039,-2.52953,1.24985,1.13953,Robot Joint position,89.9446,-90.2973,-89.5286,-65.1151,-65.4616,29.7821,Robot TCP Torque,-30.9353,2.84384,27.3733,-0.160926,12.8339,8.07791,Robot Joint Torque,25.0918,10.2529,12.9543,-2.8669,-1.00312,1.61215,
No.19:Traction sensor V,1325,0,1262,1684,2081,1697,0,0,0,0,0,0,Traction sensor F/M,5.49245,105.997,-1.78692,-397.354,-12.8503,-7.79868,5.87492e-316,0,0.00189999,0.017937,-0.893032,-0.0787598,Contact sensor V,1986.69,1851.81,2459.41,1755.37,1717.22,1918.64,Contact sensor F/M,2.13321,0.0781336,3.98059,1.85797,4.57611,0.381104,Robot TCP position,0.340336,0.516341,1.14038,-2.5295,1.24994,1.13956,Robot Joint position,89.9426,-90.2973,-89.5286,-65.1165,-65.4602,29.7807,Robot TCP Torque,-29.4386,5.32383,28.3028,0.567048,12.2345,7.42309,Robot Joint Torque,24.8,10.1805,12.7132,-2.92465,-1.20626,1.66973,
No.20:Traction sensor V,1325,0,1256,1682,2080,1696,0,0,0,0,0,0,Traction sensor F/M,5.50974,106.014,-2.34874,-397.915,-12.4798,-8.00789,5.84835e-316,0,0.00189999,0.017937,-0.893032,-0.0787598,Contact sensor V,1986.69,1852.11,2459.11,1755.68,1718.14,1919.56,Contact sensor F/M,1.5169,0.106886,3.9316,1.44133,2.30055,0.983752,Robot TCP position,0.340363,0.516345,1.14038,-2.52949,1.24992,1.13957,Robot Joint position,89.9405,-90.2987,-89.5272,-65.1165,-65.4589,29.7828,Robot TCP Torque,-31.0246,3.41372,26.9247,0.356153,12.8887,7.83754,Robot Joint Torque,25.3106,11.1937,12.8639,-3.44441,-1.32234,1.61215,
No.21:Traction sensor V,1325,0,1249,1679,2080,1695,0,0,0,0,0,0,Traction sensor F/M,5.52566,106.033,-3.01192,-398.748,-12.3532,-8.22043,5.86975e-316,0,0.00189999,0.017937,-0.893032,-0.0787598,Contact sensor V,1986.08,1852.72,2459.72,1755.68,1717.53,1918.95,Contact sensor F/M,2.2491,-0.183003,4.03219,1.93335,4.38622,0.569096,Robot TCP position,0.340319,0.516333,1.14039,-2.52954,1.24987,1.13954,Robot Joint position,89.944,-90.2959,-89.53,-65.1165,-65.4609,29.7828,Robot TCP Torque,-30.0651,3.36092,28.1501,-0.110522,12.5389,7.91384,Robot Joint Torque,25.3106,11.1213,12.8036,-3.2134,-1.4094,1.66973,
No.22:Traction sensor V,1326,0,1250,1677,2079,1695,0,0,0,0,0,0,Traction sensor F/M,5.43128,106.043,-2.93537,-399.303,-12.4381,-8.24294,5.86847e-316,0,0.00189999,0.017937,-0.893032,-0.0787598,Contact sensor V,1985.47,1851.81,2458.8,1756.59,1717.53,1918.64,Contact sensor F/M,2.54276,0.900622,3.8662,-1.17746,4.88065,0.589661,Robot TCP position,0.340339,0.516361,1.14038,-2.52953,1.24998,1.13959,Robot Joint position,89.9433,-90.2973,-89.5286,-65.1186,-65.4589,29.7793,Robot TCP Torque,-29.1694,3.97811,27.8263,0.0297598,12.2271,7.80065,Robot Joint Torque,24.4353,9.38441,12.7735,-3.06902,-1.20626,1.61215,
No.23:Traction sensor V,1326,0,1252,1677,2077,1697,0,0,0,0,0,0,Traction sensor F/M,5.44001,106.051,-2.75914,-399.312,-11.8827,-7.82108,5.83707e-316,0,0.00189999,0.017937,-0.893032,-0.0787598,Contact sensor V,1987,1852.11,2456.36,1756.59,1717.22,1918.95,Contact sensor F/M,1.9864,0.729905,3.46019,-0.935487,4.28942,0.703284,Robot TCP position,0.340334,0.516375,1.14038,-2.52954,1.24995,1.13956,Robot Joint position,89.9433,-90.2987,-89.5279,-65.1179,-65.4595,29.7807,Robot TCP Torque,-30.1917,4.89355,27.6466,0.758891,12.7068,7.54438,Robot Joint Torque,24.5083,9.52915,12.9242,-3.24228,-1.32234,1.72731,
No.24:Traction sensor V,1326,0,1255,1679,2076,1697,0,0,0,0,0,0,Traction sensor F/M,5.43649,106.042,-2.46601,-398.763,-11.6807,-7.81692,5.83708e-316,0,0.00189999,0.017937,-0.893032,-0.0787598,Contact sensor V,1985.47,1852.72,2454.53,1755.37,1717.22,1918.33,Contact sensor F/M,2.78339,-0.389065,3.16447,2.58671,5.69655,0.12486,Robot TCP position,0.340336,0.516355,1.14038,-2.52953,1.24995,1.13954,Robot Joint position,89.9426,-90.2973,-89.5293,-65.1179,-65.4602,29.7814,Robot TCP Torque,-31.3647,4.79786,26.4154,1.08012,12.9278,7.48242,Robot Joint Torque,25.3106,10.1081,12.6831,-3.0979,-1.2643,1.69852,
No.25:Traction sensor V,1328,0,1252,1680,2078,1695,0,0,0,0,0,0,Traction sensor F/M,5.21117,106.018,-2.71018,-398.432,-13.073,-8.26051,5.87305e-316,0,0.00189999,0.017937,-0.893032,-0.0787598,Contact sensor V,1986.69,1852.72,2456.36,1757.2,1718.14,1918.95,Contact sensor F/M,1.52769,0.811208,3.46018,-1.8387,2.28865,0.624491,Robot TCP position,0.340343,0.51635,1.14038,-2.52952,1.24987,1.13961,Robot Joint position,89.9433,-90.298,-89.5279,-65.1158,-65.4582,29.7821,Robot TCP Torque,-30.3148,3.56845,28.1917,-0.139921,12.783,8.07837,Robot Joint Torque,24.7271,10.47,12.8338,-3.76204,-1.14822,1.58336,
No.26:Traction sensor V,1329,0,1252,1680,2078,1694,0,0,0,0,0,0,Traction sensor F/M,5.10508,106.012,-2.70107,-398.418,-13.4889,-8.48586,5.86973e-316,0,0.00189999,0.017937,-0.893032,-0.0787598,Contact sensor V,1986.69,1852.72,2456.67,1755.98,1718.44,1919.56,Contact sensor F/M,1.32579,-0.0126934,3.52373,1.21952,1.55443,0.910058,Robot TCP position,0.340334,0.516346,1.14037,-2.52953,1.24989,1.13957,Robot Joint position,89.9433,-90.2973,-89.53,-65.1151,-65.4595,29.7821,Robot TCP Torque,-30.9286,4.00568,27.278,0.41243,12.8637,7.83161,Robot Joint Torque,24.5812,10.1805,12.9242,-3.3289,-1.09018,1.69852,
No.27:Traction sensor V,1328,0,1257,1680,2079,1691,0,0,0,0,0,0,Traction sensor F/M,5.20517,106.01,-2.2453,-398.455,-13.4174,-9.11604,5.86484e-316,0,0.00189999,0.017937,-0.893032,-0.0787598,Contact sensor V,1986.08,1852.11,2458.19,1755.68,1717.83,1918.95,Contact sensor F/M,2.03681,0.116988,3.77604,1.39401,3.60483,0.592001,Robot TCP position,0.340334,0.51636,1.14036,-2.52955,1.24994,1.13956,Robot Joint position,89.9433,-90.2973,-89.5314,-65.1158,-65.4595,29.7814,Robot TCP Torque,-30.793,4.72632,28.239,0.210682,12.579,7.80182,Robot Joint Torque,24.7271,11.6279,12.894,-3.44441,-1.32234,1.66973,
No.28:Traction sensor V,1327,0,1256,1678,2078,1689,0,0,0,0,0,0,Traction sensor F/M,5.32684,106.029,-2.35685,-399.051,-12.6831,-9.53124,5.83707e-316,0,0.00189999,0.017937,-0.893032,-0.0787598,Contact sensor V,1985.47,1852.42,2459.11,1755.68,1718.14,1918.64,Contact sensor F/M,2.14232,-0.0366283,3.9306,1.69177,3.39918,0.335338,Robot TCP position,0.340334,0.516358,1.14037,-2.52952,1.24993,1.13957,Robot Joint position,89.9433,-90.298,-89.5293,-65.1158,-65.4595,29.7807,Robot TCP Torque,-30.4817,3.21292,27.7604,-0.422354,12.6279,8.18591,Robot Joint Torque,25.1647,10.6147,12.7132,-2.78027,-0.829003,1.66973,
No.29:Traction sensor V,1328,0,1255,1679,2076,1688,0,0,0,0,0,0,Traction sensor F/M,5.22896,106.025,-2.42754,-398.766,-12.5614,-9.74914,5.8745e-316,0,0.00189999,0.017937,-0.893032,-0.0787598,Contact sensor V,1987,1851.81,2459.72,1755.98,1717.83,1918.64,Contact sensor F/M,1.56031,0.47159,4.02931,0.401613,2.77003,0.358764,Robot TCP position,0.340316,0.51638,1.14039,-2.52956,1.24985,1.13958,Robot Joint position,89.9453,-90.2994,-89.5259,-65.1172,-65.4595,29.7821,Robot TCP Torque,-29.8662,3.82303,27.6126,-0.0162814,13.0727,8.14964,Robot Joint Torque,25.1647,10.47,12.4118,-2.80915,-1.14822,1.66973,
No.30:Traction sensor V,1325,0,1259,1682,2076,1689,0,0,0,0,0,0,Traction sensor F/M,5.53512,106.022,-2.05519,-397.982,-11.4382,-9.49069,5.8745e-316,0,0.00189999,0.017937,-0.893032,-0.0787598,Contact sensor V,1986.08,1852.42,2459.72,1756.9,1718.14,1919.25,Contact sensor F/M,1.82437,0.777551,4.02245,-1.31949,2.83038,0.915967,Robot TCP position,0.340325,0.516395,1.14036,-2.52957,1.24996,1.13951,Robot Joint position,89.9433,-90.2994,-89.53,-65.1172,-65.4609,29.7821,Robot TCP Torque,-29.875,5.19488,27.0619,0.786565,12.4806,7.45893,Robot Joint Torque,24.4353,10.8318,12.6529,-3.55991,-1.06116,1.66973,
No.31:Traction sensor V,1324,0,1262,1681,2075,1689,0,0,0,0,0,0,Traction sensor F/M,5.64937,106.036,-1.7993,-398.296,-10.7472,-9.48498,5.87459e-316,0,0.00189999,0.017937,-0.893032,-0.0787598,Contact sensor V,1985.78,1852.42,2458.8,1755.37,1718.14,1919.56,Contact sensor F/M,1.98968,-0.244601,3.88269,2.45014,3.13478,0.983891,Robot TCP position,0.34034,0.516366,1.14036,-2.52953,1.24994,1.13956,Robot Joint position,89.9426,-90.2987,-89.53,-65.1151,-65.4595,29.7814,Robot TCP Torque,-30.3959,3.44445,27.5075,-0.202311,12.8651,8.07822,Robot Joint Torque,24.6541,10.3252,12.5324,-3.3289,-1.38038,1.52579,
No.32:Traction sensor V,1325,0,1256,1679,2075,1692,0,0,0,0,0,0,Traction sensor F/M,5.5516,106.047,-2.36676,-398.813,-11.036,-8.86218,5.84835e-316,0,0.00189999,0.017937,-0.893032,-0.0787598,Contact sensor V,1986.69,1852.42,2456.36,1756.29,1718.44,1919.25,Contact sensor F/M,1.32023,0.346309,3.46884,0.186352,1.53714,0.742741,Robot TCP position,0.340317,0.516368,1.14037,-2.52955,1.24995,1.13955,Robot Joint position,89.9446,-90.2973,-89.5307,-65.1165,-65.4602,29.78,Robot TCP Torque,-30.5919,2.14359,26.905,-0.411672,12.3547,7.98208,Robot Joint Torque,24.873,10.47,12.3817,-2.69364,-1.23528,1.72731,
No.33:Traction sensor V,1326,0,1263,1679,2077,1693,0,0,0,0,0,0,Traction sensor F/M,5.42866,106.033,-1.72896,-398.793,-12.048,-8.67727,5.87592e-316,0,0.00189999,0.017937,-0.893032,-0.0787598,Contact sensor V,1986.08,1853.33,2456.05,1757.2,1718.44,1918.95,Contact sensor F/M,1.64189,0.499054,3.41146,-1.28556,2.09397,0.568038,Robot TCP position,0.340339,0.516363,1.14036,-2.52954,1.24992,1.13958,Robot Joint position,89.9433,-90.298,-89.53,-65.1158,-65.4589,29.7814,Robot TCP Torque,-30.4529,2.91985,27.3523,-0.363367,12.9322,8.22742,Robot Joint Torque,24.8,11.2661,12.0803,-3.3289,-1.23528,1.72731,
No.34:Traction sensor V,1326,0,1259,1676,2078,1695,0,0,0,0,0,0,Traction sensor F/M,5.43513,106.05,-2.12894,-399.613,-12.2018,-8.26058,5.87502e-316,0,0.00189999,0.017937,-0.893032,-0.0787598,Contact sensor V,1985.78,1851.81,2456.36,1757.2,1718.44,1919.25,Contact sensor F/M,1.77128,1.2803,3.45648,-2.64614,2.31517,0.994769,Robot TCP position,0.340346,0.516357,1.14036,-2.52952,1.24991,1.13956,Robot Joint position,89.9419,-90.2987,-89.53,-65.1145,-65.4595,29.7828,Robot TCP Torque,-30.5989,3.02559,27.6624,-0.417356,12.709,8.11619,Robot Joint Torque,25.1647,10.7595,12.6831,-3.0979,-1.38038,1.64094,
No.35:Traction sensor V,1327,0,1258,1676,2078,1694,0,0,0,0,0,0,Traction sensor F/M,5.32965,106.044,-2.21055,-399.597,-12.6101,-8.48432,5.87424e-316,0,0.00189999,0.017937,-0.893032,-0.0787598,Contact sensor V,1987.3,1852.72,2456.67,1757.2,1718.14,1919.56,Contact sensor F/M,1.21657,0.806175,3.51226,-1.82405,1.74487,1.0519,Robot TCP position,0.340342,0.516414,1.14033,-2.52955,1.25003,1.13953,Robot Joint position,89.9419,-90.3014,-89.5307,-65.1151,-65.4602,29.7807,Robot TCP Torque,-31.0387,5.23054,27.2209,0.810582,12.8236,7.50162,Robot Joint Torque,24.2894,11.1213,12.3817,-3.47328,-1.29332,1.72731,
No.36:Traction sensor V,1325,0,1256,1676,2078,1695,0,0,0,0,0,0,Traction sensor F/M,5.54371,106.056,-2.40732,-399.624,-11.77,-8.24206,5.8746e-316,0,0.00189999,0.017937,-0.893032,-0.0787598,Contact sensor V,1986.39,1852.72,2459.41,1756.59,1718.14,1918.64,Contact sensor F/M,1.67653,0.413207,3.97602,-0.288434,2.57322,0.345519,Robot TCP position,0.340346,0.516371,1.14036,-2.5295,1.24996,1.13957,Robot Joint position,89.9419,-90.3,-89.5286,-65.1145,-65.4595,29.7807,Robot TCP Torque,-30.5039,3.60766,26.6747,-0.0418229,12.7336,8.03965,Robot Joint Torque,24.6541,9.89101,12.3214,-3.47328,-1.17724,1.66973,
No.37:Traction sensor V,1326,0,1262,1678,2078,1694,0,0,0,0,0,0,Traction sensor F/M,5.42664,106.036,-1.8332,-399.061,-12.2851,-8.46895,5.87061e-316,0,0.00189999,0.017937,-0.893032,-0.0787598,Contact sensor V,1985.78,1852.11,2457.58,1755.98,1718.14,1918.03,Contact sensor F/M,1.98526,0.31576,3.67208,0.648014,3.10866,-0.0973612,Robot TCP position,0.340323,0.516327,1.14038,-2.52954,1.24986,1.13955,Robot Joint position,89.944,-90.2952,-89.5307,-65.1165,-65.4602,29.7828,Robot TCP Torque,-30.22,3.10435,26.9991,-0.137521,12.6062,7.99425,Robot Joint Torque,24.5812,10.47,12.1406,-3.27115,-1.23528,1.61215,
No.38:Traction sensor V,1323,0,1254,1678,2076,1691,0,0,0,0,0,0,Traction sensor F/M,5.76503,106.059,-2.56838,-399.125,-10.4614,-9.04815,5.87443e-316,0,0.00189999,0.017937,-0.893032,-0.0787598,Contact sensor V,1986.39,1852.42,2459.11,1755.68,1718.44,1919.25,Contact sensor F/M,1.47003,-0.0523282,3.93353,1.73238,1.82232,0.699961,Robot TCP position,0.340348,0.516369,1.14037,-2.5295,1.25001,1.13954,Robot Joint position,89.9412,-90.2994,-89.5279,-65.1172,-65.4602,29.78,Robot TCP Torque,-29.8141,2.50104,27.4063,-0.526752,12.3699,8.18904,Robot Joint Torque,24.2165,9.45678,12.2611,-3.47328,-0.741943,1.72731,
No.39:Traction sensor V,1323,0,1258,1678,2076,1692,0,0,0,0,0,0,Traction sensor F/M,5.76194,106.059,-2.20839,-399.13,-10.485,-8.84294,5.86485e-316,0,0.00189999,0.017937,-0.893032,-0.0787598,Contact sensor V,1986.39,1853.03,2459.11,1756.59,1717.53,1918.64,Contact sensor F/M,2.09632,0.270402,3.92332,-0.0697947,4.10465,0.387031,Robot TCP position,0.340362,0.516369,1.14035,-2.52953,1.24998,1.13958,Robot Joint position,89.9412,-90.2987,-89.5307,-65.1158,-65.4582,29.7814,Robot TCP Torque,-29.3775,3.24614,28.4239,-0.659564,12.3827,8.0879,Robot Joint Torque,24.5812,10.3252,12.3817,-2.78027,-1.20626,1.58336,
No.40:Traction sensor V,1323,0,1267,1680,2074,1690,0,0,0,0,0,0,Traction sensor F/M,5.76174,106.05,-1.36486,-398.611,-10.0644,-9.27083,5.87443e-316,0,0.00189999,0.017937,-0.893032,-0.0787598,Contact sensor V,1986.69,1852.11,2456.97,1756.59,1718.75,1919.56,Contact sensor F/M,1.10503,0.701448,3.56836,-0.810449,0.760619,1.01525,Robot TCP position,0.340351,0.516365,1.14036,-2.52952,1.25,1.13957,Robot Joint position,89.9419,-90.298,-89.53,-65.1172,-65.4589,29.78,Robot TCP Torque,-30.0463,1.44219,26.9846,-0.946363,12.4982,8.42962,Robot Joint Torque,24.5812,10.47,12.231,-2.66477,-1.32234,1.66973,
No.41:Traction sensor V,1324,0,1263,1679,2076,1690,0,0,0,0,0,0,Traction sensor F/M,5.64981,106.045,-1.73244,-398.851,-10.9728,-9.28393,5.8698e-316,0,0.00189999,0.017937,-0.893032,-0.0787598,Contact sensor V,1985.47,1853.03,2456.05,1756.9,1718.44,1919.56,Contact sensor F/M,1.94874,0.456498,3.41189,-0.811168,2.63615,1.08539,Robot TCP position,0.340356,0.516318,1.1404,-2.52948,1.24989,1.13961,Robot Joint position,89.9419,-90.2966,-89.5266,-65.1172,-65.4582,29.7814,Robot TCP Torque,-31.4732,2.38209,26.1293,-0.131624,12.9954,8.10378,Robot Joint Torque,24.5812,9.96338,12.2611,-3.44441,-1.20626,1.66973,
No.42:Traction sensor V,1324,0,1262,1678,2078,1692,0,0,0,0,0,0,Traction sensor F/M,5.64148,106.045,-1.83986,-399.108,-11.4812,-8.86486,5.87116e-316,0,0.00189999,0.017937,-0.893032,-0.0787598,Contact sensor V,1987,1853.03,2456.05,1755.98,1717.53,1919.25,Contact sensor F/M,1.79828,-0.152912,3.41927,1.41521,3.57321,0.726997,Robot TCP position,0.340336,0.516355,1.14038,-2.52953,1.24986,1.13954,Robot Joint position,89.9426,-90.2987,-89.5272,-65.1165,-65.4602,29.7841,Robot TCP Torque,-30.6338,4.92027,26.9917,0.472696,12.745,7.7452,Robot Joint Torque,24.7271,10.47,12.1104,-2.69364,-1.20626,1.64094,
No.43:Traction sensor V,1324,0,1261,1678,2079,1693,0,0,0,0,0,0,Traction sensor F/M,5.63578,106.043,-1.93376,-399.094,-11.7449,-8.65249,5.87508e-316,0,0.00189999,0.017937,-0.893032,-0.0787598,Contact sensor V,1986.69,1852.72,2458.19,1755.68,1717.83,1919.25,Contact sensor F/M,1.73652,-0.199905,3.77928,1.94838,3.08119,0.715375,Robot TCP position,0.340337,0.516361,1.14036,-2.52953,1.24986,1.13961,Robot Joint position,89.944,-90.2987,-89.5286,-65.1145,-65.4582,29.7821,Robot TCP Torque,-30.3663,2.48363,26.5104,-0.587141,12.4737,8.12889,Robot Joint Torque,24.7271,10.6147,11.809,-2.80915,-1.17724,1.61215,
No.44:Traction sensor V,1325,0,1264,1679,2083,1695,0,0,0,0,0,0,Traction sensor F/M,5.49966,106.017,-1.65197,-398.764,-13.3028,-8.24723,5.8687e-316,0,0.00189999,0.017937,-0.893032,-0.0787598,Contact sensor V,1985.47,1852.42,2459.41,1756.59,1717.83,1918.64,Contact sensor F/M,2.34392,0.584709,3.97185,-0.601204,4.14095,0.48823,Robot TCP position,0.340325,0.5164,1.14034,-2.52958,1.24997,1.13951,Robot Joint position,89.9433,-90.2994,-89.5314,-65.1165,-65.4609,29.7821,Robot TCP Torque,-30.9503,3.45894,26.0641,0.122195,12.4615,7.93189,Robot Joint Torque,24.8,9.89101,12.0803,-3.44441,-0.974102,1.64094,
No.45:Traction sensor V,1325,0,1264,1680,2083,1696,0,0,0,0,0,0,Traction sensor F/M,5.49532,106.012,-1.64894,-398.453,-13.2528,-8.01369,5.87427e-316,0,0.00189999,0.017937,-0.893032,-0.0787598,Contact sensor V,1985.78,1852.42,2459.41,1756.9,1718.44,1919.25,Contact sensor F/M,1.77349,0.773122,3.97216,-1.30448,2.34237,0.901256,Robot TCP position,0.340343,0.516379,1.14037,-2.52955,1.24989,1.13959,Robot Joint position,89.9433,-90.2994,-89.5279,-65.1165,-65.4582,29.7828,Robot TCP Torque,-31.4118,2.35162,25.871,-0.102481,12.8787,7.99807,Robot Joint Torque,24.9459,10.47,12.1707,-3.04015,-0.974102,1.61215,
No.46:Traction sensor V,1324,0,1257,1679,2082,1696,0,0,0,0,0,0,Traction sensor F/M,5.61563,106.029,-2.29584,-398.768,-12.5551,-8.00973,5.8648e-316,0,0.00189999,0.017937,-0.893032,-0.0787598,Contact sensor V,1985.47,1852.42,2459.72,1755.68,1718.14,1919.25,Contact sensor F/M,2.14055,-0.0345961,4.03258,1.69953,3.40047,0.811846,Robot TCP position,0.340362,0.516369,1.14035,-2.52951,1.24992,1.13959,Robot Joint position,89.9412,-90.3,-89.5286,-65.1145,-65.4582,29.7828,Robot TCP Torque,-30.925,1.88712,26.4985,-0.969839,12.5682,8.33486,Robot Joint Torque,25.1647,10.1081,11.9899,-3.06902,-1.17724,1.75609,
No.47:Traction sensor V,1325,0,1257,1678,2079,1696,0,0,0,0,0,0,Traction sensor F/M,5.52946,106.041,-2.2991,-399.052,-12.1023,-8.02481,5.8743e-316,0,0.00189999,0.017937,-0.893032,-0.0787598,Contact sensor V,1986.39,1852.72,2458.5,1756.59,1718.14,1919.25,Contact sensor F/M,1.67937,0.411108,3.82265,-0.300962,2.57444,0.81687,Robot TCP position,0.340345,0.516321,1.14038,-2.52949,1.24987,1.1396,Robot Joint position,89.9426,-90.2966,-89.5286,-65.1151,-65.4589,29.7821,Robot TCP Torque,-30.156,2.52936,26.5611,-0.566081,12.6974,8.22309,Robot Joint Torque,24.5812,10.7595,12.2611,-3.01127,-1.20626,1.61215,
No.48:Traction sensor V,1324,0,1256,1677,2078,1697,0,0,0,0,0,0,Traction sensor F/M,5.64547,106.057,-2.40898,-399.352,-11.3738,-7.80101,5.87989e-316,0,0.00189999,0.017937,-0.893032,-0.0787598,Contact sensor V,1986.69,1852.72,2456.67,1755.07,1718.44,1919.25,Contact sensor F/M,1.33018,-0.626672,3.53228,3.49218,1.57257,0.558691,Robot TCP position,0.340326,0.516382,1.14037,-2.52954,1.25003,1.1395,Robot Joint position,89.9426,-90.2987,-89.5293,-65.1186,-65.4616,29.78,Robot TCP Torque,-30.4856,3.09985,27.1393,-0.361732,12.6111,8.07578,Robot Joint Torque,25.0918,10.8318,12.0502,-3.27115,-1.09018,1.64094,
No.49:Traction sensor V,1323,0,1250,1675,2077,1697,0,0,0,0,0,0,Traction sensor F/M,5.76884,106.079,-2.97992,-399.927,-10.5873,-7.78487,5.87438e-316,0,0.00189999,0.017937,-0.893032,-0.0787598,Contact sensor V,1987,1852.11,2455.44,1757.51,1718.14,1918.64,Contact sensor F/M,1.36386,1.32086,3.30266,-3.14631,1.9884,0.463964,Robot TCP position,0.340334,0.516387,1.14036,-2.52955,1.24996,1.13956,Robot Joint position,89.9433,-90.2994,-89.5293,-65.1165,-65.4595,29.7807,Robot TCP Torque,-30.8168,1.40795,26.2737,-0.686621,12.7191,8.18864,Robot Joint Torque,24.8,9.45678,11.9296,-3.18453,-0.799983,1.66973,
No.50:Traction sensor V,1323,0,1247,1676,2078,1697,0,0,0,0,0,0,Traction sensor F/M,5.76135,106.071,-3.24203,-399.631,-10.8694,-7.77688,5.86499e-316,0,0.00189999,0.017937,-0.893032,-0.0787598,Contact sensor V,1987,1852.42,2456.97,1757.2,1718.14,1919.25,Contact sensor F/M,1.36578,0.965353,3.56175,-2.09709,2.00639,0.872628,Robot TCP position,0.340349,0.516353,1.14038,-2.52953,1.24993,1.13959,Robot Joint position,89.9426,-90.2973,-89.5286,-65.1179,-65.4582,29.7814,Robot TCP Torque,-31.1681,3.89481,25.7542,0.362948,12.9315,7.81832,Robot Joint Torque,24.5812,9.89101,11.9899,-3.0979,-1.03214,1.66973,
No.51:Traction sensor V,1324,0,1251,1678,2080,1695,0,0,0,0,0,0,Traction sensor F/M,5.63488,106.044,-2.84704,-399.053,-11.9329,-8.214,5.87858e-316,0,0.00189999,0.017937,-0.893032,-0.0787598,Contact sensor V,1986.69,1851.81,2458.19,1757.2,1718.44,1918.95,Contact sensor F/M,1.3003,1.27571,3.76472,-2.6052,1.49704,0.691627,Robot TCP position,0.340353,0.516363,1.14037,-2.52951,1.24998,1.13955,Robot Joint position,89.9412,-90.2987,-89.5286,-65.1172,-65.4595,29.7814,Robot TCP Torque,-29.8796,3.40726,26.4158,-0.110536,12.4653,7.77402,Robot Joint Torque,24.873,10.7595,11.809,-2.95352,-1.17724,1.66973,
No.52:Traction sensor V,1324,0,1250,1679,2078,1693,0,0,0,0,0,0,Traction sensor F/M,5.64442,106.044,-2.92106,-398.792,-11.4092,-8.62985,5.87985e-316,0,0.00189999,0.017937,-0.893032,-0.0787598,Contact sensor V,1986.69,1852.42,2459.11,1755.98,1718.14,1918.95,Contact sensor F/M,1.52033,0.155681,3.93002,0.955992,2.30343,0.514467,Robot TCP position,0.340334,0.51636,1.14038,-2.52951,1.24992,1.13958,Robot Joint position,89.9433,-90.2987,-89.5279,-65.1158,-65.4595,29.7807,Robot TCP Torque,-30.5123,3.27603,25.9479,-0.0735675,12.6195,8.00269,Robot Joint Torque,25.3106,10.1081,11.5981,-3.47328,-1.09018,1.69852,
No.53:Traction sensor V,1325,0,1252,1679,2078,1692,0,0,0,0,0,0,Traction sensor F/M,5.53711,106.037,-2.73051,-398.783,-11.8404,-8.85842,5.86479e-316,0,0.00189999,0.017937,-0.893032,-0.0787598,Contact sensor V,1985.47,1851.81,2459.41,1755.07,1717.83,1918.64,Contact sensor F/M,2.34134,-0.127429,3.9838,2.64266,4.15144,0.363766,Robot TCP position,0.340362,0.516376,1.14034,-2.52954,1.24993,1.13957,Robot Joint position,89.9412,-90.2994,-89.5307,-65.1151,-65.4582,29.7835,Robot TCP Torque,-29.5349,4.66751,26.825,0.302735,12.7131,7.8873,Robot Joint Torque,24.873,10.1081,11.8995,-3.12678,-1.06116,1.66973,
No.54:Traction sensor V,1324,0,1257,1678,2079,1693,0,0,0,0,0,0,Traction sensor F/M,5.63821,106.044,-2.29664,-399.084,-11.7143,-8.64605,5.8739e-316,0,0.00189999,0.017937,-0.893032,-0.0787598,Contact sensor V,1985.17,1852.72,2460.02,1756.9,1717.83,1918.64,Contact sensor F/M,2.50071,0.638655,4.07167,-1.08426,4.41765,0.519488,Robot TCP position,0.340357,0.516363,1.14036,-2.5295,1.25002,1.13958,Robot Joint position,89.9412,-90.2987,-89.5293,-65.1165,-65.4589,29.7793,Robot TCP Torque,-30.9781,2.50245,26.2024,-0.483113,12.7549,8.17118,Robot Joint Torque,25.0918,10.8318,12.02,-3.30003,-1.03214,1.72731,
No.55:Traction sensor V,1323,0,1261,1679,2076,1694,0,0,0,0,0,0,Traction sensor F/M,5.75512,106.054,-1.93167,-398.847,-10.5206,-8.42042,5.87568e-316,0,0.00189999,0.017937,-0.893032,-0.0787598,Contact sensor V,1986.08,1853.03,2458.5,1755.98,1718.14,1918.95,Contact sensor F/M,1.84239,-0.150577,3.82887,1.48052,2.86925,0.494699,Robot TCP position,0.340343,0.516357,1.14037,-2.52954,1.24992,1.1396,Robot Joint position,89.9433,-90.2973,-89.5293,-65.1172,-65.4582,29.7814,Robot TCP Torque,-30.3578,3.0199,26.156,-0.22298,12.6389,7.87793,Robot Joint Torque,25.2377,10.6871,11.9296,-3.0979,-1.2643,1.64094,
No.56:Traction sensor V,1324,0,1259,1679,2079,1693,0,0,0,0,0,0,Traction sensor F/M,5.63332,106.037,-2.10486,-398.807,-11.7563,-8.64522,5.87062e-316,0,0.00189999,0.017937,-0.893032,-0.0787598,Contact sensor V,1986.69,1853.03,2457.28,1756.9,1717.83,1918.95,Contact sensor F/M,1.73833,0.46039,3.61594,-0.821787,3.06588,0.594363,Robot TCP position,0.340332,0.516346,1.14037,-2.52954,1.24985,1.13959,Robot Joint position,89.944,-90.2973,-89.5293,-65.1151,-65.4589,29.7828,Robot TCP Torque,-30.1274,3.64288,25.2398,0.375065,12.4048,7.56644,Robot Joint Torque,24.3624,10.1081,12.231,-3.30003,-1.23528,1.72731,
No.57:Traction sensor V,1323,0,1262,1679,2078,1694,0,0,0,0,0,0,Traction sensor F/M,5.74324,106.046,-1.84152,-398.835,-11.085,-8.42381,5.87984e-316,0,0.00189999,0.017937,-0.893032,-0.0787598,Contact sensor V,1986.69,1851.81,2456.36,1755.37,1717.22,1918.95,Contact sensor F/M,2.14246,0.0700608,3.46982,1.81721,4.57659,0.608015,Robot TCP position,0.340334,0.516396,1.14035,-2.52956,1.25,1.13955,Robot Joint position,89.9433,-90.2994,-89.53,-65.1172,-65.4595,29.78,Robot TCP Torque,-30.6809,2.07779,26.203,-0.623568,12.6253,8.3223,Robot Joint Torque,25.1647,10.6871,11.8392,-3.47328,-1.1192,1.52579,
No.58:Traction sensor V,1324,0,1257,1681,2077,1694,0,0,0,0,0,0,Traction sensor F/M,5.6378,106.034,-2.26794,-398.248,-11.2307,-8.42047,5.87582e-316,0,0.00189999,0.017937,-0.893032,-0.0787598,Contact sensor V,1985.78,1853.03,2455.75,1756.59,1718.44,1918.64,Contact sensor F/M,1.79589,0.247387,3.36445,-0.0517289,2.36797,0.310612,Robot TCP position,0.340346,0.516379,1.14035,-2.52953,1.24997,1.13955,Robot Joint position,89.9419,-90.2994,-89.53,-65.1158,-65.4595,29.7814,Robot TCP Torque,-30.2375,3.36341,25.6901,0.00233802,12.4688,7.82248,Robot Joint Torque,24.5083,10.1081,11.8693,-3.06902,-1.1192,1.69852,
No.59:Traction sensor V,1324,0,1248,1679,2079,1694,0,0,0,0,0,0,Traction sensor F/M,5.63933,106.041,-3.10568,-398.776,-11.6653,-8.41588,5.87579e-316,0,0.00189999,0.017937,-0.893032,-0.0787598,Contact sensor V,1987,1853.03,2457.28,1756.59,1718.44,1919.56,Contact sensor F/M,1.17084,0.239611,3.62189,-0.0100746,1.27981,0.931293,Robot TCP position,0.340348,0.516359,1.14036,-2.52953,1.24996,1.13953,Robot Joint position,89.9412,-90.298,-89.5307,-65.1165,-65.4602,29.7828,Robot TCP Torque,-29.503,4.30996,27.0696,-0.113155,12.2338,7.80724,Robot Joint Torque,25.3106,10.6147,12.02,-2.9824,-1.1192,1.69852,
No.60:Traction sensor V,1324,0,1253,1677,2081,1694,0,0,0,0,0,0,Traction sensor F/M,5.63237,106.044,-2.67333,-399.338,-12.2068,-8.4338,5.87562e-316,0,0.00189999,0.017937,-0.893032,-0.0787598,Contact sensor V,1985.17,1852.72,2457.89,1755.98,1717.83,1918.95,Contact sensor F/M,2.51162,0.0192718,3.72256,1.15964,4.43694,0.635348,Robot TCP position,0.340357,0.516359,1.14037,-2.52952,1.24993,1.13957,Robot Joint position,89.9412,-90.2987,-89.5286,-65.1165,-65.4589,29.7828,Robot TCP Torque,-29.9623,3.56432,26.2051,-0.059862,12.3962,7.7509,Robot Joint Torque,25.3106,10.5424,11.5378,-2.9824,-1.1192,1.69852,
No.61:Traction sensor V,1323,0,1259,1679,2080,1693,0,0,0,0,0,0,Traction sensor F/M,5.73444,106.039,-2.11137,-398.819,-11.6257,-8.63242,5.87572e-316,0,0.00189999,0.017937,-0.893032,-0.0787598,Contact sensor V,1985.47,1852.11,2459.41,1755.37,1718.44,1919.25,Contact sensor F/M,1.93102,-0.0913184,3.9846,2.20571,2.63579,0.767939,Robot TCP position,0.340345,0.516323,1.1404,-2.52953,1.24984,1.13958,Robot Joint position,89.9426,-90.2959,-89.5279,-65.1179,-65.4589,29.7841,Robot TCP Torque,-30.0211,1.57144,26.0968,-0.861958,12.4325,8.18107,Robot Joint Torque,24.5812,9.89101,11.8392,-3.3289,-1.23528,1.78488,
No.62:Traction sensor V,1324,0,1265,1680,2080,1693,0,0,0,0,0,0,Traction sensor F/M,5.62038,106.026,-1.55048,-398.533,-12.1071,-8.65172,5.87571e-316,0,0.00189999,0.017937,-0.893032,-0.0787598,Contact sensor V,1986.69,1852.72,2458.5,1756.9,1717.83,1919.25,Contact sensor F/M,1.7297,0.619307,3.81906,-1.07753,3.05617,0.868599,Robot TCP position,0.34034,0.51639,1.14034,-2.52955,1.24994,1.13955,Robot Joint position,89.9426,-90.3,-89.53,-65.1151,-65.4595,29.7821,Robot TCP Torque,-31.8716,2.34635,25.9597,-0.299557,12.8689,8.19976,Robot Joint Torque,24.5083,11.3384,11.809,-2.57814,-1.00312,1.55458,
No.63:Traction sensor V,1324,0,1260,1679,2081,1694,0,0,0,0,0,0,Traction sensor F/M,5.62078,106.03,-2.01761,-398.791,-12.3136,-8.43696,5.87984e-316,0,0.00189999,0.017937,-0.893032,-0.0787598,Contact sensor V,1986.39,1851.81,2458.5,1756.9,1717.83,1918.64,Contact sensor F/M,1.86985,1.08831,3.8154,-1.89804,3.29626,0.516855,Robot TCP position,0.340329,0.516335,1.14039,-2.52953,1.2499,1.13955,Robot Joint position,89.9433,-90.2959,-89.53,-65.1172,-65.4602,29.7821,Robot TCP Torque,-30.5753,1.59218,26.0417,-0.885351,12.5602,8.25226,Robot Joint Torque,24.3624,9.67389,11.7186,-3.01127,-1.00312,1.69852,
No.64:Traction sensor V,1325,0,1264,1680,2080,1695,0,0,0,0,0,0,Traction sensor F/M,5.5129,106.022,-1.64077,-398.503,-12.4945,-8.24051,5.87408e-316,0,0.00189999,0.017937,-0.893032,-0.0787598,Contact sensor V,1985.78,1852.11,2457.89,1756.9,1718.44,1918.64,Contact sensor F/M,1.77305,0.924033,3.71589,-1.59621,2.33064,0.454544,Robot TCP position,0.340337,0.516378,1.14037,-2.52958,1.24991,1.13959,Robot Joint position,89.944,-90.298,-89.5286,-65.1186,-65.4582,29.7821,Robot TCP Torque,-30.1392,1.9527,25.6707,-0.763437,12.4559,8.28044,Robot Joint Torque,24.7271,10.6147,11.5378,-2.8669,-1.00312,1.61215,
No.65:Traction sensor V,1327,0,1261,1681,2078,1695,0,0,0,0,0,0,Traction sensor F/M,5.3088,106.014,-1.88957,-398.19,-12.7595,-8.25724,5.75345e-316,0,0.00189999,0.017937,-0.893032,-0.0787598,Contact sensor V,1986.69,1853.03,2456.36,1755.68,1717.83,1918.95,Contact sensor F/M,1.74698,-0.360474,3.47401,2.19601,3.09086,0.439077,Robot TCP position,0.34035,0.516325,1.1404,-2.52949,1.24985,1.13962,Robot Joint position,89.9426,-90.2973,-89.5259,-65.1165,-65.4582,29.7821,Robot TCP Torque,-30.5455,2.73606,25.9016,-0.234007,12.4065,7.95152,Robot Joint Torque,24.5083,10.3252,11.5679,-3.0979,-0.916062,1.66973,
No.66:Traction sensor V,1327,0,1258,1680,2079,1695,0,0,0,0,0,0,Traction sensor F/M,5.30866,106.018,-2.17236,-398.458,-12.9882,-8.25736,5.8706e-316,0,0.00189999,0.017937,-0.893032,-0.0787598,Contact sensor V,1987.3,1852.11,2455.75,1756.9,1718.75,1919.25,Contact sensor F/M,0.79693,0.896311,3.36249,-1.57305,0.208607,0.763877,Robot TCP position,0.340331,0.516324,1.1404,-2.52954,1.24983,1.13962,Robot Joint position,89.9446,-90.2952,-89.5279,-65.1179,-65.4582,29.7821,Robot TCP Torque,-30.7412,1.56048,25.9315,-0.932026,12.6723,8.46946,Robot Joint Torque,24.2894,11.1937,11.4775,-3.50216,-1.1192,1.58336,
No.67:Traction sensor V,1326,0,1258,1679,2079,1692,0,0,0,0,0,0,Traction sensor F/M,5.42108,106.026,-2.18025,-398.772,-12.5735,-8.88266,5.87994e-316,0,0.00189999,0.017937,-0.893032,-0.0787598,Contact sensor V,1986.69,1852.42,2457.28,1756.9,1718.14,1919.86,Contact sensor F/M,1.52154,0.765082,3.6149,-1.34136,2.28645,1.33409,Robot TCP position,0.340335,0.516377,1.14036,-2.52957,1.24995,1.13952,Robot Joint position,89.9426,-90.298,-89.5307,-65.1179,-65.4602,29.7828,Robot TCP Torque,-29.7847,1.37358,25.5549,-1.14575,12.0686,8.29594,Robot Joint Torque,24.6541,10.9042,11.809,-3.55991,-1.35136,1.72731,
No.68:Traction sensor V,1325,0,1260,1680,2077,1694,0,0,0,0,0,0,Traction sensor F/M,5.5329,106.034,-1.99989,-398.518,-11.6359,-8.44305,5.87983e-316,0,0.00189999,0.017937,-0.893032,-0.0787598,Contact sensor V,1987,1852.72,2459.41,1757.2,1718.14,1918.33,Contact sensor F/M,1.36327,0.815972,3.97161,-1.79229,2.01502,0.136322,Robot TCP position,0.340351,0.516339,1.14038,-2.52951,1.24991,1.13958,Robot Joint position,89.9419,-90.2973,-89.5286,-65.1165,-65.4589,29.7821,Robot TCP Torque,-29.9785,1.08652,26.5262,-1.5757,12.214,8.58644,Robot Joint Torque,24.5812,9.67389,11.4775,-3.47328,-1.17724,1.69852,
No.69:Traction sensor V,1323,0,1256,1679,2076,1693,0,0,0,0,0,0,Traction sensor F/M,5.75881,106.054,-2.38238,-398.839,-10.4894,-8.62402,5.87995e-316,0,0.00189999,0.017937,-0.893032,-0.0787598,Contact sensor V,1986.08,1852.72,2459.41,1756.29,1717.83,1919.25,Contact sensor F/M,2.04016,0.218831,3.97675,0.43868,3.6138,0.843667,Robot TCP position,0.340348,0.516369,1.14035,-2.52951,1.24998,1.13954,Robot Joint position,89.9412,-90.2994,-89.53,-65.1151,-65.4602,29.7814,Robot TCP Torque,-31.6883,1.71249,25.7379,-0.681741,12.9509,8.36491,Robot Joint Torque,25.6024,11.3384,11.3871,-3.12678,-0.887043,1.64094,
No.70:Traction sensor V,1323,0,1260,1679,2076,1693,0,0,0,0,0,0,Traction sensor F/M,5.75639,106.053,-2.0195,-398.849,-10.52,-8.63046,5.87389e-316,0,0.00189999,0.017937,-0.893032,-0.0787598,Contact sensor V,1985.78,1852.72,2459.72,1756.59,1718.14,1919.56,Contact sensor F/M,1.98599,0.420842,4.0257,-0.295855,3.12019,1.10629,Robot TCP position,0.340349,0.516389,1.14036,-2.52956,1.24997,1.13958,Robot Joint position,89.9426,-90.2994,-89.5286,-65.1179,-65.4582,29.7814,Robot TCP Torque,-30.2817,2.03975,26.0862,-0.818908,12.2483,8.17689,Robot Joint Torque,24.9459,10.8318,11.6282,-3.18453,-1.06116,1.69852,
No.71:Traction sensor V,1324,0,1261,1679,2076,1693,0,0,0,0,0,0,Traction sensor F/M,5.64903,106.048,-1.92255,-398.833,-10.9366,-8.64577,5.87991e-316,0,0.00189999,0.017937,-0.893032,-0.0787598,Contact sensor V,1986.08,1852.72,2460.02,1756.59,1717.22,1919.56,Contact sensor F/M,2.45078,0.438714,4.07329,-0.359973,5.12925,1.19643,Robot TCP position,0.340351,0.516375,1.14036,-2.52952,1.24998,1.13957,Robot Joint position,89.9419,-90.2994,-89.5286,-65.1165,-65.4589,29.7807,Robot TCP Torque,-31.3397,2.18461,25.6898,-0.46804,12.7528,8.09226,Robot Joint Torque,24.6541,10.7595,11.7488,-3.18453,-1.09018,1.66973,
No.72:Traction sensor V,1325,0,1261,1680,2076,1693,0,0,0,0,0,0,Traction sensor F/M,5.5386,106.037,-1.90599,-398.532,-11.3722,-8.65541,5.87062e-316,0,0.00189999,0.017937,-0.893032,-0.0787598,Contact sensor V,1986.39,1852.72,2456.05,1756.9,1718.14,1918.64,Contact sensor F/M,1.68519,0.608715,3.41143,-1.09056,2.5668,0.372224,Robot TCP position,0.340323,0.5164,1.14034,-2.52959,1.24993,1.13953,Robot Joint position,89.944,-90.2994,-89.5314,-65.1158,-65.4602,29.7828,Robot TCP Torque,-30.8704,2.16532,24.9189,-0.233353,12.6259,8.12168,Robot Joint Torque,25.1647,10.1805,11.6282,-3.12678,-0.945082,1.58336,
No.73:Traction sensor V,1326,0,1263,1682,2079,1692,0,0,0,0,0,0,Traction sensor F/M,5.40703,106.007,-1.69562,-397.938,-12.6917,-8.87855,5.87388e-316,0,0.00189999,0.017937,-0.893032,-0.0787598,Contact sensor V,1986.39,1852.72,2456.05,1757.2,1718.44,1918.95,Contact sensor F/M,1.47681,0.806779,3.40989,-1.82368,1.80065,0.609779,Robot TCP position,0.340342,0.516385,1.14035,-2.52952,1.25001,1.13954,Robot Joint position,89.9419,-90.3,-89.53,-65.1151,-65.4602,29.78,Robot TCP Torque,-31.0243,1.97979,25.8172,-0.886134,12.577,8.47044,Robot Joint Torque,24.0706,9.31203,11.7186,-2.95352,-1.06116,1.69852,
No.74:Traction sensor V,1326,0,1265,1682,2081,1694,0,0,0,0,0,0,Traction sensor F/M,5.39321,106.001,-1.52054,-397.92,-13.2497,-8.46025,5.87498e-316,0,0.00189999,0.017937,-0.893032,-0.0787598,Contact sensor V,1987,1852.72,2456.67,1756.9,1717.53,1918.95,Contact sensor F/M,1.787,0.617762,3.51195,-1.12078,3.54344,0.63887,Robot TCP position,0.340349,0.516375,1.14035,-2.52954,1.24992,1.13959,Robot Joint position,89.9426,-90.2994,-89.53,-65.1145,-65.4582,29.7821,Robot TCP Torque,-30.9351,1.26515,25.2643,-0.889129,12.4751,8.24946,Robot Joint Torque,25.0918,10.6871,11.5077,-3.01127,-0.654884,1.66973,
No.75:Traction sensor V,1328,0,1262,1681,2081,1694,0,0,0,0,0,0,Traction sensor F/M,5.18519,105.997,-1.7906,-398.158,-14.018,-8.48687,5.87498e-316,0,0.00189999,0.017937,-0.893032,-0.0787598,Contact sensor V,1987,1852.72,2457.58,1756.9,1718.44,1919.25,Contact sensor F/M,1.16343,0.600265,3.66914,-1.03513,1.26255,0.766038,Robot TCP position,0.340336,0.516355,1.14038,-2.52952,1.24989,1.13955,Robot Joint position,89.9426,-90.2987,-89.5279,-65.1158,-65.4602,29.7828,Robot TCP Torque,-30.9007,1.60322,25.6733,-0.902297,12.4841,8.22572,Robot Joint Torque,24.873,10.5424,11.3871,-3.18453,-1.17724,1.66973,
No.76:Traction sensor V,1328,0,1255,1680,2082,1695,0,0,0,0,0,0,Traction sensor F/M,5.1868,106.002,-2.43917,-398.411,-14.2092,-8.2689,5.87579e-316,0,0.00189999,0.017937,-0.893032,-0.0787598,Contact sensor V,1986.39,1852.11,2459.72,1756.9,1717.83,1919.25,Contact sensor F/M,1.87121,0.936575,4.0206,-1.61037,3.30798,0.962536,Robot TCP position,0.340317,0.516358,1.14037,-2.52955,1.24988,1.13955,Robot Joint position,89.9446,-90.2973,-89.53,-65.1158,-65.4602,29.7821,Robot TCP Torque,-30.4735,0.970976,26.6277,-1.67251,12.1939,8.66141,Robot Joint Torque,25.0189,11.7003,11.3871,-3.3289,-1.06116,1.66973,
No.77:Traction sensor V,1328,0,1251,1678,2080,1694,0,0,0,0,0,0,Traction sensor F/M,5.20851,106.022,-2.81926,-398.984,-13.5756,-8.48043,5.8756e-316,0,0.00189999,0.017937,-0.893032,-0.0787598,Contact sensor V,1986.08,1853.03,2460.02,1755.98,1718.14,1918.95,Contact sensor F/M,1.83778,-0.146446,4.08422,1.50081,2.86933,0.499854,Robot TCP position,0.340348,0.51632,1.14038,-2.52948,1.24992,1.13955,Robot Joint position,89.9412,-90.2966,-89.5293,-65.1158,-65.4602,29.7821,Robot TCP Torque,-30.2755,-0.0752254,25.5942,-1.83611,12.4461,8.82906,Robot Joint Torque,24.5812,10.0357,11.146,-3.0979,-1.09018,1.58336,
No.78:Traction sensor V,1328,0,1254,1680,2081,1694,0,0,0,0,0,0,Traction sensor F/M,5.19371,106.006,-2.52671,-398.42,-13.9302,-8.47805,5.86493e-316,0,0.00189999,0.017937,-0.893032,-0.0787598,Contact sensor V,1986.69,1852.11,2460.02,1756.59,1718.14,1919.25,Contact sensor F/M,1.50968,0.722964,4.07643,-0.818794,2.28119,0.863768,Robot TCP position,0.340331,0.516306,1.1404,-2.52946,1.24992,1.13956,Robot Joint position,89.9426,-90.2959,-89.5279,-65.1158,-65.4609,29.78,Robot TCP Torque,-31.3207,1.85816,24.4408,-0.440791,12.5875,8.14248,Robot Joint Torque,25.2377,11.3384,11.3871,-2.75139,-1.20626,1.72731,
No.79:Traction sensor V,1327,0,1257,1679,2080,1695,0,0,0,0,0,0,Traction sensor F/M,5.3073,106.02,-2.27371,-398.73,-13.2322,-8.26069,5.87822e-316,0,0.00189999,0.017937,-0.893032,-0.0787598,Contact sensor V,1987,1853.03,2459.41,1757.2,1718.14,1919.25,Contact sensor F/M,1.36835,0.661119,3.97246,-1.52103,2.0273,0.815101,Robot TCP position,0.340362,0.516425,1.14033,-2.52956,1.25002,1.13957,Robot Joint position,89.9412,-90.3021,-89.5293,-65.1165,-65.4582,29.7814,Robot TCP Torque,-30.7078,2.37005,25.5067,-0.693444,12.6041,8.20802,Robot Joint Torque,24.5812,11.049,11.4474,-3.2134,-1.14822,1.72731,
No.80:Traction sensor V,1326,0,1255,1680,2077,1693,0,0,0,0,0,0,Traction sensor F/M,5.42984,106.03,-2.44439,-398.492,-12.0136,-8.66035,5.8742e-316,0,0.00189999,0.017937,-0.893032,-0.0787598,Contact sensor V,1986.69,1852.72,2456.36,1757.2,1718.14,1919.56,Contact sensor F/M,1.52777,0.811588,3.46003,-1.83905,2.28991,1.09894,Robot TCP position,0.340336,0.516348,1.14038,-2.52951,1.24991,1.13955,Robot Joint position,89.9426,-90.298,-89.5286,-65.1158,-65.4602,29.7821,Robot TCP Torque,-30.9437,3.46306,25.6154,-0.219541,12.6269,8.08135,Robot Joint Torque,24.6541,11.1213,11.146,-3.61766,-0.741943,1.64094,
No.81:Traction sensor V,1326,0,1259,1681,2076,1693,0,0,0,0,0,0,Traction sensor F/M,5.42938,106.026,-2.07088,-398.227,-11.7925,-8.66184,5.87411e-316,0,0.00189999,0.017937,-0.893032,-0.0787598,Contact sensor V,1987.3,1853.03,2456.36,1756.59,1718.14,1918.03,Contact sensor F/M,1.22523,0.239785,3.4683,-0.0404397,1.76461,-0.244233,Robot TCP position,0.340346,0.516396,1.14036,-2.52954,1.25001,1.13955,Robot Joint position,89.9419,-90.3,-89.5286,-65.1179,-65.4595,29.7807,Robot TCP Torque,-31.4797,3.27285,23.6368,0.535522,12.5294,7.57602,Robot Joint Torque,23.9977,10.7595,11.4775,-2.89577,-1.17724,1.69852,
No.82:Traction sensor V,1324,0,1258,1680,2075,1694,0,0,0,0,0,0,Traction sensor F/M,5.65214,106.047,-2.18698,-398.546,-10.655,-8.42435,5.8799e-316,0,0.00189999,0.017937,-0.893032,-0.0787598,Contact sensor V,1987,1851.81,2456.97,1755.68,1718.44,1918.64,Contact sensor F/M,1.15618,0.246114,3.5752,1.17168,1.2551,0.236004,Robot TCP position,0.340362,0.516355,1.14037,-2.52949,1.24997,1.1396,Robot Joint position,89.9412,-90.2987,-89.5286,-65.1158,-65.4582,29.7807,Robot TCP Torque,-30.4871,0.795693,25.4652,-1.17866,12.1503,8.42236,Robot Joint Torque,24.6541,8.29883,11.2063,-3.24228,-1.2643,1.78488,
No.83:Traction sensor V,1324,0,1257,1682,2074,1693,0,0,0,0,0,0,Traction sensor F/M,5.65171,106.038,-2.25384,-397.991,-10.4294,-8.6254,5.87948e-316,0,0.00189999,0.017937,-0.893032,-0.0787598,Contact sensor V,1986.08,1851.81,2457.28,1756.9,1717.22,1919.25,Contact sensor F/M,2.44264,1.10195,3.60769,-1.9692,5.09104,1.08664,Robot TCP position,0.340329,0.516337,1.14038,-2.52951,1.24993,1.13956,Robot Joint position,89.9433,-90.2966,-89.53,-65.1158,-65.4602,29.7807,Robot TCP Torque,-30.3675,1.52556,24.941,-0.890967,12.2882,8.16333,Robot Joint Torque,25.0918,9.89101,11.4172,-3.12678,-0.916062,1.72731,
No.84:Traction sensor V,1324,0,1255,1682,2074,1694,0,0,0,0,0,0,Traction sensor F/M,5.65226,106.04,-2.4426,-397.957,-10.3374,-8.39269,5.87973e-316,0,0.00189999,0.017937,-0.893032,-0.0787598,Contact sensor V,1986.39,1851.81,2459.11,1756.29,1717.83,1919.25,Contact sensor F/M,1.87103,0.681152,3.92303,-0.375297,3.31007,0.917266,Robot TCP position,0.340333,0.516361,1.14039,-2.52953,1.24986,1.13959,Robot Joint position,89.944,-90.2987,-89.5266,-65.1165,-65.4589,29.7821,Robot TCP Torque,-30.6411,-0.429427,25.2443,-1.79716,12.2536,8.61371,Robot Joint Torque,25.0918,10.3976,11.2063,-3.2134,-1.06116,1.58336,
No.85:Traction sensor V,1323,0,1250,1681,2074,1698,0,0,0,0,0,0,Traction sensor F/M,5.76306,106.055,-2.91991,-398.252,-9.90541,-7.54625,5.8651e-316,0,0.00189999,0.017937,-0.893032,-0.0787598,Contact sensor V,1986.69,1852.11,2458.5,1756.59,1717.53,1919.25,Contact sensor F/M,1.92818,0.732276,3.81838,-0.888183,3.80217,0.934044,Robot TCP position,0.340328,0.516336,1.1404,-2.52951,1.24984,1.13958,Robot Joint position,89.944,-90.2973,-89.5266,-65.1165,-65.4595,29.7821,Robot TCP Torque,-30.8955,1.29744,25.7972,-1.41937,12.5367,8.55191,Robot Joint Torque,24.4353,10.3976,11.3871,-3.41553,-0.799983,1.61215,
No.86:Traction sensor V,1324,0,1249,1679,2075,1698,0,0,0,0,0,0,Traction sensor F/M,5.65861,106.059,-3.02538,-398.788,-10.5317,-7.56733,5.87829e-316,0,0.00189999,0.017937,-0.893032,-0.0787598,Contact sensor V,1986.08,1853.03,2459.11,1756.59,1717.83,1918.95,Contact sensor F/M,2.04455,0.26699,3.92402,-0.0508955,3.61729,0.610573,Robot TCP position,0.340345,0.516294,1.14041,-2.52945,1.24984,1.13962,Robot Joint position,89.9426,-90.2959,-89.5266,-65.1151,-65.4589,29.7814,Robot TCP Torque,-30.5806,0.666897,24.6293,-1.16448,12.3075,8.41977,Robot Joint Torque,25.2377,11.4832,11.2666,-3.30003,-1.00312,1.72731,
No.87:Traction sensor V,1325,0,1253,1679,2075,1698,0,0,0,0,0,0,Traction sensor F/M,5.54943,106.052,-2.6607,-398.754,-10.9014,-7.56962,5.87557e-316,0,0.00189999,0.017937,-0.893032,-0.0787598,Contact sensor V,1986.69,1852.11,2459.11,1756.9,1717.83,1919.56,Contact sensor F/M,1.71795,0.931993,3.91897,-1.61319,3.03604,1.17366,Robot TCP position,0.340339,0.516352,1.14037,-2.52954,1.24988,1.13958,Robot Joint position,89.9433,-90.2973,-89.5293,-65.1165,-65.4589,29.7828,Robot TCP Torque,-30.3114,2.94515,25.0647,-0.748216,12.3343,8.14633,Robot Joint Torque,24.7271,9.67389,11.1159,-2.8669,-0.829003,1.72731,
No.88:Traction sensor V,1325,0,1257,1678,2075,1698,0,0,0,0,0,0,Traction sensor F/M,5.55068,106.057,-2.30815,-399.046,-10.9053,-7.58011,5.87959e-316,0,0.00189999,0.017937,-0.893032,-0.0787598,Contact sensor V,1986.69,1852.42,2457.89,1756.9,1718.44,1918.64,Contact sensor F/M,1.31261,0.759253,3.7187,-1.30799,1.52344,0.349548,Robot TCP position,0.340323,0.516363,1.14037,-2.52954,1.24988,1.13956,Robot Joint position,89.944,-90.2987,-89.5286,-65.1151,-65.4602,29.7821,Robot TCP Torque,-30.7252,2.54427,25.2923,-0.692992,12.4602,8.14174,Robot Joint Torque,25.1647,10.8318,10.8145,-3.70429,-0.799983,1.52579,
No.89:Traction sensor V,1326,0,1259,1677,2076,1696,0,0,0,0,0,0,Traction sensor F/M,5.44207,106.052,-2.12534,-399.316,-11.5951,-8.02526,5.86646e-316,0,0.00189999,0.017937,-0.893032,-0.0787598,Contact sensor V,1986.69,1852.11,2456.67,1757.2,1718.44,1919.56,Contact sensor F/M,1.30995,1.11654,3.51029,-2.35404,1.50861,1.12803,Robot TCP position,0.340357,0.516366,1.14036,-2.52951,1.24996,1.13957,Robot Joint position,89.9412,-90.2994,-89.5286,-65.1158,-65.4589,29.7814,Robot TCP Torque,-31.9269,1.72176,24.0353,-0.951193,12.7015,8.45745,Robot Joint Torque,24.5083,9.89101,11.4172,-3.3289,-1.03214,1.69852,
No.90:Traction sensor V,1326,0,1259,1676,2077,1693,0,0,0,0,0,0,Traction sensor F/M,5.4421,106.052,-2.12287,-399.629,-11.9374,-8.68298,5.87556e-316,0,0.00189999,0.017937,-0.893032,-0.0787598,Contact sensor V,1985.47,1852.72,2456.36,1755.98,1718.44,1918.64,Contact sensor F/M,1.94716,-0.00161203,3.47058,1.1941,2.64265,0.293502,Robot TCP position,0.340322,0.516376,1.14038,-2.52957,1.24991,1.13957,Robot Joint position,89.9446,-90.298,-89.5286,-65.1179,-65.4595,29.7814,Robot TCP Torque,-31.1954,2.13471,24.9837,-0.731156,12.9029,8.40262,Robot Joint Torque,24.7271,10.8318,10.8748,-3.06902,-1.06116,1.64094,
No.91:Traction sensor V,1326,0,1261,1676,2077,1693,0,0,0,0,0,0,Traction sensor F/M,5.44089,106.051,-1.94142,-399.634,-11.9527,-8.6862,5.87403e-316,0,0.00189999,0.017937,-0.893032,-0.0787598,Contact sensor V,1986.69,1853.03,2456.97,1757.2,1718.44,1919.86,Contact sensor F/M,1.32399,0.651286,3.56452,-1.53477,1.54045,1.26762,Robot TCP position,0.340333,0.516357,1.14037,-2.52951,1.24991,1.13951,Robot Joint position,89.9419,-90.2994,-89.5286,-65.1145,-65.4616,29.7828,Robot TCP Torque,-30.3472,1.68108,24.6278,-0.789834,12.3883,8.19322,Robot Joint Torque,25.2377,10.5424,10.9652,-3.30003,-1.20626,1.66973,
No.92:Traction sensor V,1325,0,1256,1677,2076,1694,0,0,0,0,0,0,Traction sensor F/M,5.55198,106.057,-2.39351,-399.361,-11.247,-8.44787,5.87828e-316,0,0.00189999,0.017937,-0.893032,-0.0787598,Contact sensor V,1985.17,1852.42,2457.89,1756.9,1718.14,1918.33,Contact sensor F/M,2.29521,0.781382,3.71453,-1.35973,3.64599,0.27022,Robot TCP position,0.340325,0.516373,1.14037,-2.52954,1.24994,1.13953,Robot Joint position,89.9433,-90.2987,-89.5286,-65.1172,-65.4609,29.7814,Robot TCP Torque,-31.2758,0.0424603,24.9621,-1.82608,12.5136,8.85442,Robot Joint Torque,24.6541,10.3252,10.935,-3.04015,-1.14822,1.69852,
No.93:Traction sensor V,1326,0,1252,1678,2076,1694,0,0,0,0,0,0,Traction sensor F/M,5.44397,106.047,-2.73983,-399.051,-11.652,-8.45108,5.87557e-316,0,0.00189999,0.017937,-0.893032,-0.0787598,Contact sensor V,1986.69,1851.81,2459.11,1756.59,1717.83,1918.95,Contact sensor F/M,1.71438,0.882439,3.92087,-1.12714,3.03065,0.694056,Robot TCP position,0.340345,0.516362,1.14035,-2.52952,1.24993,1.13958,Robot Joint position,89.9426,-90.2987,-89.53,-65.1145,-65.4589,29.7814,Robot TCP Torque,-31.8109,0.208292,24.8422,-1.30704,12.8289,8.59496,Robot Joint Torque,24.5812,10.1805,10.7843,-2.80915,-1.00312,1.69852,
No.94:Traction sensor V,1326,0,1256,1679,2075,1694,0,0,0,0,0,0,Traction sensor F/M,5.44351,106.043,-2.36632,-398.786,-11.4309,-8.45258,5.87817e-316,0,0.00189999,0.017937,-0.893032,-0.0787598,Contact sensor V,1986.39,1852.11,2458.5,1755.68,1718.14,1919.56,Contact sensor F/M,1.67388,0.108353,3.82888,1.42774,2.57305,1.00573,Robot TCP position,0.340331,0.516387,1.14037,-2.52958,1.24984,1.13959,Robot Joint position,89.9446,-90.2994,-89.5279,-65.1165,-65.4582,29.7835,Robot TCP Torque,-30.831,1.54598,24.6062,-1.13268,12.2731,8.28023,Robot Joint Torque,24.873,10.7595,10.9652,-3.3289,-0.770963,1.64094,
No.95:Traction sensor V,1326,0,1260,1680,2077,1694,0,0,0,0,0,0,Traction sensor F/M,5.42614,106.029,-1.99367,-398.5,-12.0448,-8.45675,5.87836e-316,0,0.00189999,0.017937,-0.893032,-0.0787598,Contact sensor V,1986.08,1852.72,2458.8,1756.59,1717.83,1919.25,Contact sensor F/M,2.04053,0.421775,3.87179,-0.326928,3.60751,0.879653,Robot TCP position,0.340362,0.516367,1.14037,-2.52953,1.24999,1.13958,Robot Joint position,89.9412,-90.298,-89.5293,-65.1186,-65.4582,29.7814,Robot TCP Torque,-31.4014,-0.402441,23.7403,-1.50131,12.6699,8.79531,Robot Joint Torque,25.0189,10.3252,10.9652,-3.44441,-0.741943,1.55458,
No.96:Traction sensor V,1326,0,1263,1680,2077,1694,0,0,0,0,0,0,Traction sensor F/M,5.42432,106.028,-1.72151,-398.507,-12.0678,-8.46157,5.87838e-316,0,0.00189999,0.017937,-0.893032,-0.0787598,Contact sensor V,1986.69,1852.72,2457.89,1757.2,1718.14,1918.33,Contact sensor F/M,1.52302,0.81496,3.71569,-1.81806,2.28747,0.155201,Robot TCP position,0.340328,0.516374,1.14037,-2.52955,1.24982,1.13957,Robot Joint position,89.944,-90.3,-89.5266,-65.1151,-65.4595,29.7841,Robot TCP Torque,-30.9726,0.0768003,24.7285,-1.45278,12.6025,8.63454,Robot Joint Torque,24.9459,11.5556,10.8748,-2.78027,-0.916062,1.64094,
No.97:Traction sensor V,1326,0,1256,1679,2078,1694,0,0,0,0,0,0,Traction sensor F/M,5.4266,106.032,-2.37161,-398.741,-12.1962,-8.43741,5.87321e-316,0,0.00189999,0.017937,-0.893032,-0.0787598,Contact sensor V,1985.47,1852.42,2460.02,1756.29,1718.14,1919.25,Contact sensor F/M,2.13668,0.375423,4.07801,0.1886,3.38797,0.888973,Robot TCP position,0.340315,0.516366,1.14038,-2.52955,1.24989,1.13949,Robot Joint position,89.9433,-90.2987,-89.5279,-65.1172,-65.4623,29.7835,Robot TCP Torque,-32.0651,0.97019,24.0931,-1.16183,12.9402,8.64191,Robot Joint Torque,24.9459,9.67389,10.8145,-3.3289,-1.32234,1.58336,
No.98:Traction sensor V,1326,0,1252,1679,2079,1694,0,0,0,0,0,0,Traction sensor F/M,5.42339,106.03,-2.73036,-398.748,-12.5137,-8.44971,5.87403e-316,0,0.00189999,0.017937,-0.893032,-0.0787598,Contact sensor V,1986.69,1853.03,2454.53,1756.9,1718.14,1918.64,Contact sensor F/M,1.53963,0.446042,3.15774,-0.833581,2.30458,0.310145,Robot TCP position,0.340328,0.516425,1.14034,-2.52962,1.24993,1.13953,Robot Joint position,89.944,-90.3007,-89.53,-65.1172,-65.4595,29.7835,Robot TCP Torque,-31.871,1.02725,23.3261,-0.926314,12.4342,8.2832,Robot Joint Torque,24.3624,10.0357,10.7542,-2.66477,-1.03214,1.66973,
No.99:Traction sensor V,1327,0,1253,1680,2078,1694,0,0,0,0,0,0,Traction sensor F/M,5.31799,106.022,-2.62279,-398.457,-12.6786,-8.46007,5.87976e-316,0,0.00189999,0.017937,-0.893032,-0.0787598,Contact sensor V,1987,1851.81,2456.36,1757.51,1718.75,1918.64,Contact sensor F/M,0.942232,1.46532,3.45749,-3.35683,0.457,0.424514,Robot TCP position,0.34032,0.516365,1.14036,-2.52954,1.24995,1.13951,Robot Joint position,89.9433,-90.298,-89.5307,-65.1158,-65.4616,29.7814,Robot TCP Torque,-30.625,0.658624,24.5178,-1.26163,12.1575,8.39753,Robot Joint Torque,24.8,10.1081,10.8145,-3.2134,-1.09018,1.58336,
No.100:Traction sensor V,1328,0,1248,1679,2080,1693,0,0,0,0,0,0,Traction sensor F/M,5.20733,106.016,-3.0782,-398.699,-13.5863,-8.68321,5.87925e-316,0,0.00189999,0.017937,-0.893032,-0.0787598,Contact sensor V,1986.39,1852.72,2458.8,1755.68,1717.83,1919.25,Contact sensor F/M,1.88982,-0.195133,3.88084,1.95102,3.35375,0.741473,Robot TCP position,0.340362,0.516374,1.14035,-2.52953,1.25001,1.13958,Robot Joint position,89.9412,-90.2987,-89.53,-65.1172,-65.4582,29.7807,Robot TCP Torque,-30.8635,0.845388,24.6139,-1.26805,12.5306,8.57516,Robot Joint Torque,25.1647,11.2661,10.7843,-3.30003,-0.916062,1.66973,
