No.1:Traction sensor V,1336,1930,1290,1691,2072,1691,0,0,0,0,0,0,Traction sensor F/M,0,0,0,0,0,0,0,0,0,0,0,0,Contact sensor V,1989.75,1846.62,2447.51,1756.29,1717.53,1914.98,Contact sensor F/M,0,0,0,0,0,0,Robot TCP position,-0.0824832,0.302945,0.993025,-2.09339,0.349637,-0.450502,Robot Joint position,89.999,-90.0034,-89.995,-25.0176,-125,89.991,Robot TCP Torque,-38.9119,12.9082,20.0457,4.80964,1.75922,16.7535,Robot Joint Torque,28.0824,-0.453811,7.3987,-4.09793,1.68729,1.72731,
No.2:Traction sensor V,1335,1929,1291,1689,2073,1692,0,0,0,0,0,0,Traction sensor F/M,0,0,0,0,0,0,0,0,0,0,0,0,Contact sensor V,1988.83,1846.92,2448.73,1755.98,1718.14,1914.98,Contact sensor F/M,0,0,0,0,0,0,Robot TCP position,-0.0825332,0.302973,0.993005,-2.09336,0.349729,-0.450614,Robot Joint position,89.9997,-90.0034,-89.9957,-25.0169,-125.007,89.9903,Robot TCP Torque,-39.6034,14.1591,21.6864,5.00527,1.91118,17.3981,Robot Joint Torque,28.2283,0.269906,7.63981,-4.50219,1.83239,1.52579,
No.3:Traction sensor V,1337,1932,1292,1687,2071,1692,0,0,0,0,0,0,Traction sensor F/M,0,0,0,0,0,0,0,0,0,0,0,0,Contact sensor V,1990.05,1847.23,2449.04,1756.29,1718.44,1915.59,Contact sensor F/M,0,0,0,0,0,0,Robot TCP position,-0.0825066,0.302987,0.993007,-2.09337,0.349765,-0.450635,Robot Joint position,89.9962,-90.0048,-89.9943,-25.0169,-125.006,89.991,Robot TCP Torque,-39.3949,13.7138,22.021,4.5167,2.27411,17.1318,Robot Joint Torque,27.7906,-0.164324,7.45898,-4.93532,1.77435,1.64094,
No.4:Traction sensor V,1338,1933,1288,1687,2070,1693,0,0,0,0,0,0,Traction sensor F/M,0,0,0,0,0,0,0,0,0,0,0,0,Contact sensor V,1988.83,1846.92,2449.65,1757.2,1718.14,1915.59,Contact sensor F/M,0,0,0,0,0,0,Robot TCP position,-0.0825211,0.303004,0.993014,-2.09339,0.349721,-0.450604,Robot Joint position,89.999,-90.0062,-89.9929,-25.0183,-125.006,89.9903,Robot TCP Torque,-39.7854,12.439,23.2451,3.91279,2.52678,16.689,Robot Joint Torque,27.6447,-0.526182,7.48912,-5.57058,1.91945,1.87125,
No.5:Traction sensor V,1340,1932,1283,1685,2067,1695,0,0,0,0,0,0,Traction sensor F/M,0,0,0,0,0,0,0,0,0,0,0,0,Contact sensor V,1988.22,1846.92,2448.73,1756.29,1718.14,1915.59,Contact sensor F/M,0,0,0,0,0,0,Robot TCP position,-0.082515,0.302967,0.993,-2.09328,0.349837,-0.450605,Robot Joint position,89.9962,-90.0041,-89.9936,-25.0142,-125.007,89.9882,Robot TCP Torque,-40.5359,12.7039,23.6299,3.5903,2.92271,16.8496,Robot Joint Torque,27.353,-0.236696,7.73023,-6.23472,1.74533,1.75609,
No.6:Traction sensor V,1339,1932,1282,1685,2064,1695,0,0,0,0,0,0,Traction sensor F/M,0,0,0,0,0,0,0,0,0,0,0,0,Contact sensor V,1990.05,1847.23,2448.43,1756.59,1718.44,1915.59,Contact sensor F/M,0,0,0,0,0,0,Robot TCP position,-0.0825229,0.30296,0.992982,-2.09325,0.349817,-0.450617,Robot Joint position,89.9969,-90.0041,-89.9943,-25.0114,-125.008,89.9896,Robot TCP Torque,-39.9364,13.3017,24.752,3.55088,2.88952,16.7162,Robot Joint Torque,28.2283,-0.236696,7.60967,-6.17696,1.97749,1.72731,
No.7:Traction sensor V,1338,1932,1282,1686,2065,1694,0,0,0,0,0,0,Traction sensor F/M,0,0,0,0,0,0,0,0,0,0,0,0,Contact sensor V,1988.53,1846.92,2449.04,1757.2,1718.14,1914.67,Contact sensor F/M,0,0,0,0,0,0,Robot TCP position,-0.0825115,0.302917,0.992991,-2.0932,0.349842,-0.450607,Robot Joint position,89.9955,-90.0014,-89.995,-25.0107,-125.007,89.9896,Robot TCP Torque,-39.5785,12.1305,22.8935,3.24581,2.84046,16.3649,Robot Joint Torque,27.5718,0.125162,7.27815,-6.09034,1.86141,1.69852,
No.8:Traction sensor V,1336,1932,1285,1685,2066,1694,0,0,0,0,0,0,Traction sensor F/M,0,0,0,0,0,0,0,0,0,0,0,0,Contact sensor V,1990.36,1846.92,2449.04,1757.51,1718.44,1914.37,Contact sensor F/M,0,0,0,0,0,0,Robot TCP position,-0.0825114,0.302938,0.99299,-2.09321,0.34987,-0.450588,Robot Joint position,89.9955,-90.0028,-89.9943,-25.0114,-125.007,89.9875,Robot TCP Torque,-39.4256,13.2955,24.3121,3.89577,2.47642,16.7253,Robot Joint Torque,28.7389,-0.453811,7.97134,-6.03259,1.74533,1.81367,
No.9:Traction sensor V,1336,1933,1290,1686,2064,1695,0,0,0,0,0,0,Traction sensor F/M,0,0,0,0,0,0,0,0,0,0,0,0,Contact sensor V,1990.05,1846.92,2448.12,1757.2,1718.44,1914.98,Contact sensor F/M,0,0,0,0,0,0,Robot TCP position,-0.0825109,0.302966,0.992974,-2.09327,0.3498,-0.450613,Robot Joint position,89.9962,-90.0048,-89.995,-25.0107,-125.007,89.9903,Robot TCP Torque,-40.2113,12.5359,23.7285,3.48722,2.89927,16.7153,Robot Joint Torque,27.2071,0.342277,7.51926,-6.09034,1.86141,1.64094,
No.10:Traction sensor V,1337,1935,1290,1687,2064,1695,0,0,0,0,0,0,Traction sensor F/M,0,0,0,0,0,0,0,0,0,0,0,0,Contact sensor V,1989.44,1847.23,2449.34,1755.98,1717.53,1915.28,Contact sensor F/M,0,0,0,0,0,0,Robot TCP position,-0.0825217,0.302932,0.992991,-2.09322,0.3498,-0.450557,Robot Joint position,89.9983,-90.0028,-89.9943,-25.0114,-125.007,89.9882,Robot TCP Torque,-40.2648,14.4951,24.1539,4.18677,2.76042,17.2269,Robot Joint Torque,27.353,0.342277,7.42884,-6.00371,1.86141,1.72731,
No.11:Traction sensor V,1337,1934,1289,1687,2064,1695,0,0,0,0,0,0,Traction sensor F/M,0,0,0,0,0,0,0,0,0,0,0,0,Contact sensor V,1989.14,1847.23,2449.95,1757.2,1718.75,1915.59,Contact sensor F/M,0,0,0,0,0,0,Robot TCP position,-0.082518,0.30295,0.992995,-2.09326,0.349757,-0.450609,Robot Joint position,89.9976,-90.0041,-89.9929,-25.0121,-125.007,89.9917,Robot TCP Torque,-39.8034,12.0501,23.1127,3.39968,2.98852,16.4348,Robot Joint Torque,27.9365,-0.0919524,7.54939,-6.17696,1.91945,1.69852,
No.12:Traction sensor V,1337,1934,1288,1686,2063,1695,0,0,0,0,0,0,Traction sensor F/M,0,0,0,0,0,0,0,0,0,0,0,0,Contact sensor V,1988.83,1846.92,2448.43,1756.9,1718.14,1914.98,Contact sensor F/M,0,0,0,0,0,0,Robot TCP position,-0.082515,0.302935,0.992987,-2.0932,0.34982,-0.450606,Robot Joint position,89.9962,-90.0034,-89.9929,-25.0101,-125.007,89.9903,Robot TCP Torque,-39.7943,12.7357,23.838,3.62777,2.47674,16.7864,Robot Joint Torque,27.8636,-0.526182,7.27815,-6.03259,1.83239,1.81367,
No.13:Traction sensor V,1336,1932,1288,1687,2064,1694,0,0,0,0,0,0,Traction sensor F/M,0,0,0,0,0,0,0,0,0,0,0,0,Contact sensor V,1990.05,1846.92,2448.12,1756.59,1718.44,1914.98,Contact sensor F/M,0,0,0,0,0,0,Robot TCP position,-0.0825186,0.30294,0.992994,-2.09321,0.349836,-0.450579,Robot Joint position,89.9969,-90.0034,-89.9929,-25.0114,-125.007,89.9882,Robot TCP Torque,-40.2697,12.732,23.3077,3.42364,2.94653,16.7149,Robot Joint Torque,27.5718,-0.0195808,7.60967,-6.09034,1.94847,1.78488,
No.14:Traction sensor V,1336,1929,1286,1688,2067,1694,0,0,0,0,0,0,Traction sensor F/M,0,0,0,0,0,0,0,0,0,0,0,0,Contact sensor V,1989.14,1846.92,2448.43,1757.51,1718.14,1915.28,Contact sensor F/M,0,0,0,0,0,0,Robot TCP position,-0.082527,0.302917,0.993006,-2.0932,0.349814,-0.45063,Robot Joint position,89.9969,-90.0014,-89.9929,-25.0121,-125.009,89.991,Robot TCP Torque,-39.5407,12.4849,23.5756,3.4914,2.70206,16.5516,Robot Joint Torque,28.0824,-0.743297,7.45898,-6.23472,1.86141,1.84246,
No.15:Traction sensor V,1337,1931,1289,1686,2067,1695,0,0,0,0,0,0,Traction sensor F/M,0,0,0,0,0,0,0,0,0,0,0,0,Contact sensor V,1989.44,1847.23,2448.43,1757.51,1718.14,1914.98,Contact sensor F/M,0,0,0,0,0,0,Robot TCP position,-0.0825139,0.302968,0.992975,-2.09328,0.349756,-0.450596,Robot Joint position,89.9976,-90.0055,-89.9943,-25.0107,-125.006,89.991,Robot TCP Torque,-40.967,11.8057,23.1522,3.17553,3.21499,16.7178,Robot Joint Torque,27.7906,-0.309067,7.45898,-6.29247,1.94847,1.58336,
No.16:Traction sensor V,1337,1931,1290,1687,2067,1696,0,0,0,0,0,0,Traction sensor F/M,0,0,0,0,0,0,0,0,0,0,0,0,Contact sensor V,1988.22,1846.92,2447.81,1757.2,1718.44,1914.37,Contact sensor F/M,0,0,0,0,0,0,Robot TCP position,-0.0825278,0.302924,0.992987,-2.09319,0.349866,-0.450627,Robot Joint position,89.9962,-90.0014,-89.995,-25.0107,-125.009,89.9889,Robot TCP Torque,-39.7396,13.0874,24.0906,3.63877,2.61022,16.7597,Robot Joint Torque,27.7906,-0.526182,6.91648,-6.06146,1.91945,1.75609,
No.17:Traction sensor V,1337,1932,1290,1688,2067,1697,0,0,0,0,0,0,Traction sensor F/M,0,0,0,0,0,0,0,0,0,0,0,0,Contact sensor V,1990.36,1847.23,2448.43,1756.59,1717.83,1915.59,Contact sensor F/M,0,0,0,0,0,0,Robot TCP position,-0.0825218,0.302943,0.992975,-2.09323,0.34977,-0.450579,Robot Joint position,89.9983,-90.0041,-89.9943,-25.0094,-125.007,89.9903,Robot TCP Torque,-40.0507,12.0411,23.7346,3.42089,2.8892,16.5053,Robot Joint Torque,27.8636,-0.670925,7.24801,-6.06146,1.86141,1.75609,
No.18:Traction sensor V,1338,1935,1291,1686,2065,1696,0,0,0,0,0,0,Traction sensor F/M,0,0,0,0,0,0,0,0,0,0,0,0,Contact sensor V,1990.05,1847.23,2448.12,1757.51,1718.44,1914.98,Contact sensor F/M,0,0,0,0,0,0,Robot TCP position,-0.0825254,0.302963,0.99296,-2.09325,0.349753,-0.450578,Robot Joint position,89.999,-90.0055,-89.995,-25.0087,-125.007,89.9903,Robot TCP Torque,-40.0811,10.7607,23.6814,3.05294,2.89271,16.2438,Robot Joint Torque,27.6447,-0.309067,7.27815,-6.06146,1.97749,1.78488,
No.19:Traction sensor V,1338,1934,1293,1686,2066,1695,0,0,0,0,0,0,Traction sensor F/M,0,0,0,0,0,0,0,0,0,0,0,0,Contact sensor V,1987.92,1846.62,2449.04,1755.68,1717.53,1915.28,Contact sensor F/M,0,0,0,0,0,0,Robot TCP position,-0.0825235,0.302947,0.992971,-2.09321,0.349833,-0.450635,Robot Joint position,89.9962,-90.0034,-89.995,-25.0094,-125.009,89.9903,Robot TCP Torque,-39.9281,12.0598,23.6294,3.39537,3.0511,16.398,Robot Joint Torque,28.52,-0.453811,7.51926,-6.14809,1.83239,1.66973,
No.20:Traction sensor V,1339,1932,1294,1687,2068,1694,0,0,0,0,0,0,Traction sensor F/M,0,0,0,0,0,0,0,0,0,0,0,0,Contact sensor V,1988.53,1847.23,2448.73,1757.2,1718.44,1914.98,Contact sensor F/M,0,0,0,0,0,0,Robot TCP position,-0.082515,0.30295,0.992981,-2.0932,0.349821,-0.450606,Robot Joint position,89.9962,-90.0048,-89.9922,-25.0094,-125.007,89.9903,Robot TCP Torque,-39.4879,12.5631,23.2026,3.3811,2.95045,16.5726,Robot Joint Torque,27.7177,-0.0195808,7.48912,-6.06146,1.97749,1.69852,
No.21:Traction sensor V,1339,1933,1290,1687,2067,1692,0,0,0,0,0,0,Traction sensor F/M,0,0,0,0,0,0,0,0,0,0,0,0,Contact sensor V,1987.92,1846.62,2448.43,1756.9,1718.14,1915.28,Contact sensor F/M,0,0,0,0,0,0,Robot TCP position,-0.0825097,0.30292,0.992992,-2.09318,0.349773,-0.45055,Robot Joint position,89.9976,-90.0034,-89.9922,-25.0094,-125.005,89.9903,Robot TCP Torque,-39.8896,11.5681,23.1533,3.11581,2.94145,16.37,Robot Joint Torque,28.1553,-0.453811,7.45898,-6.14809,2.00651,1.75609,
No.22:Traction sensor V,1340,1933,1288,1687,2067,1692,0,0,0,0,0,0,Traction sensor F/M,0,0,0,0,0,0,0,0,0,0,0,0,Contact sensor V,1987.92,1847.23,2448.43,1756.29,1718.75,1914.98,Contact sensor F/M,0,0,0,0,0,0,Robot TCP position,-0.0825145,0.302926,0.992968,-2.09317,0.349825,-0.450564,Robot Joint position,89.9969,-90.0034,-89.9943,-25.0073,-125.007,89.9889,Robot TCP Torque,-39.7548,13.2843,23.3137,3.68255,2.73198,16.844,Robot Joint Torque,27.7177,-0.815669,6.64523,-6.06146,1.94847,1.61215,
No.23:Traction sensor V,1339,1934,1288,1688,2066,1691,0,0,0,0,0,0,Traction sensor F/M,0,0,0,0,0,0,0,0,0,0,0,0,Contact sensor V,1988.22,1847.23,2449.04,1756.9,1718.75,1915.89,Contact sensor F/M,0,0,0,0,0,0,Robot TCP position,-0.0825176,0.302951,0.992972,-2.09326,0.349716,-0.450605,Robot Joint position,89.9983,-90.0048,-89.9943,-25.0094,-125.006,89.993,Robot TCP Torque,-39.9874,13.0353,23.2023,3.50105,3.02129,16.752,Robot Joint Torque,27.4989,0.197534,6.97676,-6.09034,1.91945,1.69852,
No.24:Traction sensor V,1339,1936,1286,1688,2067,1692,0,0,0,0,0,0,Traction sensor F/M,0,0,0,0,0,0,0,0,0,0,0,0,Contact sensor V,1989.44,1846.62,2447.81,1756.59,1717.83,1915.59,Contact sensor F/M,0,0,0,0,0,0,Robot TCP position,-0.0825295,0.302957,0.992986,-2.09325,0.349801,-0.450562,Robot Joint position,89.999,-90.0041,-89.9943,-25.0121,-125.007,89.9875,Robot TCP Torque,-39.4894,12.919,23.7342,3.67406,2.58347,16.6744,Robot Joint Torque,27.6447,-0.0919524,7.66995,-5.97484,1.91945,1.69852,
No.25:Traction sensor V,1339,1935,1284,1686,2066,1693,0,0,0,0,0,0,Traction sensor F/M,0,0,0,0,0,0,0,0,0,0,0,0,Contact sensor V,1990.05,1846.92,2448.12,1757.2,1717.22,1914.98,Contact sensor F/M,0,0,0,0,0,0,Robot TCP position,-0.0825218,0.302929,0.992988,-2.09322,0.349791,-0.450562,Robot Joint position,89.9983,-90.0028,-89.9943,-25.0107,-125.007,89.9889,Robot TCP Torque,-38.7313,13.2622,23.5191,3.67461,2.5283,16.6416,Robot Joint Torque,26.8424,-0.0195808,7.03704,-6.11921,1.91945,1.92883,
No.26:Traction sensor V,1340,1935,1284,1685,2065,1693,0,0,0,0,0,0,Traction sensor F/M,0,0,0,0,0,0,0,0,0,0,0,0,Contact sensor V,1988.53,1846.92,2448.43,1757.51,1717.53,1915.59,Contact sensor F/M,0,0,0,0,0,0,Robot TCP position,-0.0825265,0.302946,0.992976,-2.0932,0.349823,-0.450589,Robot Joint position,89.9976,-90.0041,-89.9936,-25.0094,-125.008,89.9889,Robot TCP Torque,-39.2948,12.179,23.4261,3.48853,2.74042,16.3809,Robot Joint Torque,27.7177,-0.0195808,7.18773,-6.03259,1.89043,1.81367,
No.27:Traction sensor V,1341,1935,1285,1685,2065,1694,0,0,0,0,0,0,Traction sensor F/M,0,0,0,0,0,0,0,0,0,0,0,0,Contact sensor V,1990.05,1846.92,2449.04,1757.2,1718.44,1915.28,Contact sensor F/M,0,0,0,0,0,0,Robot TCP position,-0.0825145,0.302925,0.992996,-2.09319,0.349831,-0.450561,Robot Joint position,89.9969,-90.0028,-89.9929,-25.0107,-125.007,89.9882,Robot TCP Torque,-40.2797,11.5072,22.8372,3.01362,3.26169,16.3925,Robot Joint Torque,27.5718,-0.381439,6.97676,-6.11921,1.89043,1.72731,
No.28:Traction sensor V,1341,1933,1288,1686,2066,1696,0,0,0,0,0,0,Traction sensor F/M,0,0,0,0,0,0,0,0,0,0,0,0,Contact sensor V,1989.44,1846.92,2448.73,1756.29,1718.44,1915.28,Contact sensor F/M,0,0,0,0,0,0,Robot TCP position,-0.0825108,0.302929,0.992999,-2.0932,0.349831,-0.45058,Robot Joint position,89.9962,-90.0028,-89.9929,-25.0114,-125.007,89.9889,Robot TCP Torque,-40.0706,12.1697,23.6169,3.27785,2.95267,16.6562,Robot Joint Torque,27.8636,-0.236696,6.97676,-6.00371,1.83239,1.69852,
No.29:Traction sensor V,1339,1932,1292,1687,2070,1696,0,0,0,0,0,0,Traction sensor F/M,0,0,0,0,0,0,0,0,0,0,0,0,Contact sensor V,1988.53,1846.62,2449.04,1756.9,1718.14,1914.67,Contact sensor F/M,0,0,0,0,0,0,Robot TCP position,-0.0825338,0.302916,0.992983,-2.09317,0.349812,-0.45056,Robot Joint position,89.999,-90.002,-89.9943,-25.0094,-125.008,89.9882,Robot TCP Torque,-39.6066,12.9444,23.2093,3.5664,2.95781,16.6427,Robot Joint Torque,27.6447,-0.743297,6.6151,-5.97484,1.77435,1.78488,
No.30:Traction sensor V,1339,1932,1299,1687,2072,1698,0,0,0,0,0,0,Traction sensor F/M,0,0,0,0,0,0,0,0,0,0,0,0,Contact sensor V,1987.92,1846.92,2448.73,1757.2,1717.83,1915.89,Contact sensor F/M,0,0,0,0,0,0,Robot TCP position,-0.0825495,0.302925,0.992994,-2.09321,0.349768,-0.450601,Robot Joint position,90.0003,-90.002,-89.9936,-25.0114,-125.009,89.9903,Robot TCP Torque,-39.8917,13.8325,23.7263,3.8168,2.77773,16.9941,Robot Joint Torque,28.3012,0.269906,7.18773,-6.06146,1.94847,1.90004,
No.31:Traction sensor V,1338,1930,1297,1687,2072,1698,0,0,0,0,0,0,Traction sensor F/M,0,0,0,0,0,0,0,0,0,0,0,0,Contact sensor V,1988.83,1847.23,2448.73,1756.29,1718.14,1914.98,Contact sensor F/M,0,0,0,0,0,0,Robot TCP position,-0.0825423,0.302938,0.992976,-2.09321,0.349813,-0.450602,Robot Joint position,89.999,-90.0028,-89.995,-25.0101,-125.009,89.9889,Robot TCP Torque,-40.2697,11.6632,23.1071,3.21214,3.23393,16.4082,Robot Joint Torque,27.9365,-0.309067,6.85621,-6.03259,1.91945,1.75609,
No.32:Traction sensor V,1337,1931,1295,1686,2071,1696,0,0,0,0,0,0,Traction sensor F/M,0,0,0,0,0,0,0,0,0,0,0,0,Contact sensor V,1988.83,1847.23,2448.12,1757.2,1718.44,1915.28,Contact sensor F/M,0,0,0,0,0,0,Robot TCP position,-0.0825228,0.302961,0.992982,-2.09323,0.3498,-0.450628,Robot Joint position,89.9969,-90.0048,-89.9929,-25.0107,-125.008,89.991,Robot TCP Torque,-41.1727,11.3424,22.8858,2.92767,3.35584,16.6176,Robot Joint Torque,27.8636,-0.164324,7.09732,-5.94596,1.80337,1.64094,
No.33:Traction sensor V,1337,1931,1292,1687,2068,1694,0,0,0,0,0,0,Traction sensor F/M,0,0,0,0,0,0,0,0,0,0,0,0,Contact sensor V,1988.83,1846.62,2449.04,1758.12,1718.75,1915.89,Contact sensor F/M,0,0,0,0,0,0,Robot TCP position,-0.0825229,0.302973,0.992961,-2.09327,0.349824,-0.450615,Robot Joint position,89.9969,-90.0048,-89.9964,-25.0101,-125.008,89.9889,Robot TCP Torque,-40.6793,11.5813,22.4789,3.1123,3.02937,16.7134,Robot Joint Torque,27.28,-0.164324,7.12745,-6.11921,1.86141,1.61215,
No.34:Traction sensor V,1337,1931,1289,1689,2068,1693,0,0,0,0,0,0,Traction sensor F/M,0,0,0,0,0,0,0,0,0,0,0,0,Contact sensor V,1989.75,1846.92,2448.73,1756.29,1717.53,1915.28,Contact sensor F/M,0,0,0,0,0,0,Robot TCP position,-0.0825379,0.302934,0.992998,-2.09325,0.349757,-0.45063,Robot Joint position,89.999,-90.002,-89.9943,-25.0128,-125.009,89.9917,Robot TCP Torque,-40.9472,11.5662,23.4566,3.02268,3.25216,16.6327,Robot Joint Torque,28.0094,-0.0195808,7.21787,-6.03259,1.94847,1.66973,
No.35:Traction sensor V,1337,1932,1287,1689,2069,1693,0,0,0,0,0,0,Traction sensor F/M,0,0,0,0,0,0,0,0,0,0,0,0,Contact sensor V,1989.14,1846.92,2448.12,1757.51,1718.14,1914.98,Contact sensor F/M,0,0,0,0,0,0,Robot TCP position,-0.0825302,0.302917,0.992983,-2.09319,0.349782,-0.450601,Robot Joint position,89.9983,-90.002,-89.9943,-25.0094,-125.008,89.991,Robot TCP Torque,-38.9126,11.5257,23.2619,3.19139,2.82042,16.1522,Robot Joint Torque,28.0094,-0.598554,7.33842,-6.06146,1.83239,1.81367,
No.36:Traction sensor V,1338,1932,1291,1690,2068,1694,0,0,0,0,0,0,Traction sensor F/M,0,0,0,0,0,0,0,0,0,0,0,0,Contact sensor V,1988.83,1847.23,2448.12,1756.9,1718.44,1914.98,Contact sensor F/M,0,0,0,0,0,0,Robot TCP position,-0.0825139,0.3029,0.992997,-2.09318,0.349782,-0.450562,Robot Joint position,89.9976,-90.0014,-89.9936,-25.0101,-125.006,89.9903,Robot TCP Torque,-39.4297,12.1375,23.3086,3.27247,2.88451,16.3383,Robot Joint Torque,27.7177,-0.236696,7.18773,-5.94596,1.97749,1.66973,
No.37:Traction sensor V,1339,1931,1292,1690,2069,1694,0,0,0,0,0,0,Traction sensor F/M,0,0,0,0,0,0,0,0,0,0,0,0,Contact sensor V,1988.22,1847.23,2448.43,1755.98,1718.44,1915.59,Contact sensor F/M,0,0,0,0,0,0,Robot TCP position,-0.0825259,0.30291,0.992992,-2.09313,0.349824,-0.450543,Robot Joint position,89.9983,-90.0028,-89.9916,-25.0087,-125.007,89.9882,Robot TCP Torque,-39.1793,12.3048,23.0573,3.42093,2.85568,16.3547,Robot Joint Torque,27.5718,-0.0195808,6.67537,-5.97484,1.94847,1.84246,
No.38:Traction sensor V,1338,1932,1293,1687,2068,1693,0,0,0,0,0,0,Traction sensor F/M,0,0,0,0,0,0,0,0,0,0,0,0,Contact sensor V,1988.83,1846.62,2448.12,1756.9,1718.14,1914.98,Contact sensor F/M,0,0,0,0,0,0,Robot TCP position,-0.082541,0.302941,0.992989,-2.09323,0.349768,-0.450567,Robot Joint position,90.0003,-90.0034,-89.9936,-25.0114,-125.008,89.9889,Robot TCP Torque,-40.3714,12.2374,23.5141,3.29688,2.92811,16.7164,Robot Joint Torque,28.4471,-0.0195808,6.85621,-6.03259,1.89043,1.64094,
No.39:Traction sensor V,1338,1931,1291,1687,2067,1693,0,0,0,0,0,0,Traction sensor F/M,0,0,0,0,0,0,0,0,0,0,0,0,Contact sensor V,1987.92,1846.92,2448.43,1756.9,1718.14,1915.59,Contact sensor F/M,0,0,0,0,0,0,Robot TCP position,-0.0825218,0.30292,0.992979,-2.09318,0.349808,-0.450544,Robot Joint position,89.9983,-90.0028,-89.9943,-25.0087,-125.007,89.9882,Robot TCP Torque,-39.6085,12.4607,22.9964,3.35671,3.14151,16.5289,Robot Joint Torque,27.5718,-0.0195808,6.97676,-6.03259,1.86141,1.75609,
No.40:Traction sensor V,1337,1931,1287,1685,2067,1692,0,0,0,0,0,0,Traction sensor F/M,0,0,0,0,0,0,0,0,0,0,0,0,Contact sensor V,1990.05,1846.92,2449.04,1756.9,1718.44,1915.28,Contact sensor F/M,0,0,0,0,0,0,Robot TCP position,-0.0825097,0.302924,0.993004,-2.09322,0.349787,-0.450546,Robot Joint position,89.9976,-90.0028,-89.9929,-25.0121,-125.005,89.9889,Robot TCP Torque,-39.6152,12.0788,22.7379,3.24919,3.01521,16.4951,Robot Joint Torque,27.5718,-0.0919524,7.12745,-6.00371,1.89043,1.69852,
No.41:Traction sensor V,1337,1931,1284,1685,2067,1691,0,0,0,0,0,0,Traction sensor F/M,0,0,0,0,0,0,0,0,0,0,0,0,Contact sensor V,1990.05,1847.23,2448.73,1756.59,1718.14,1914.98,Contact sensor F/M,0,0,0,0,0,0,Robot TCP position,-0.0825338,0.30294,0.992979,-2.09322,0.349785,-0.450587,Robot Joint position,89.999,-90.0034,-89.9943,-25.0101,-125.008,89.9896,Robot TCP Torque,-41.7836,11.826,22.8452,3.21496,3.27002,16.984,Robot Joint Torque,27.8636,0.342277,6.64523,-6.32134,1.91945,1.58336,
No.42:Traction sensor V,1340,1932,1284,1686,2064,1692,0,0,0,0,0,0,Traction sensor F/M,0,0,0,0,0,0,0,0,0,0,0,0,Contact sensor V,1989.44,1846.92,2449.04,1757.51,1717.53,1914.98,Contact sensor F/M,0,0,0,0,0,0,Robot TCP position,-0.0825338,0.302974,0.992958,-2.09326,0.349777,-0.450599,Robot Joint position,89.999,-90.0055,-89.9957,-25.0094,-125.008,89.9896,Robot TCP Torque,-39.9692,11.2559,22.8398,3.01212,2.71836,16.4641,Robot Joint Torque,27.8636,-0.381439,6.67537,-6.17696,1.83239,1.64094,
No.43:Traction sensor V,1340,1934,1286,1685,2065,1693,0,0,0,0,0,0,Traction sensor F/M,0,0,0,0,0,0,0,0,0,0,0,0,Contact sensor V,1989.44,1847.23,2449.04,1757.2,1718.44,1915.59,Contact sensor F/M,0,0,0,0,0,0,Robot TCP position,-0.0825241,0.302943,0.992981,-2.09314,0.349886,-0.450621,Robot Joint position,89.9955,-90.0041,-89.9916,-25.0087,-125.009,89.9889,Robot TCP Torque,-40.6925,11.9665,22.587,3.26818,2.99475,16.8154,Robot Joint Torque,27.7177,0.776507,6.97676,-6.00371,1.97749,1.87125,
No.44:Traction sensor V,1339,1933,1286,1686,2065,1694,0,0,0,0,0,0,Traction sensor F/M,0,0,0,0,0,0,0,0,0,0,0,0,Contact sensor V,1990.05,1846.92,2449.34,1756.59,1717.22,1916.5,Contact sensor F/M,0,0,0,0,0,0,Robot TCP position,-0.0825265,0.302927,0.992993,-2.09321,0.34981,-0.450601,Robot Joint position,89.9976,-90.002,-89.9943,-25.0114,-125.008,89.9896,Robot TCP Torque,-40.917,12.2294,22.642,3.40817,3.12061,17.0615,Robot Joint Torque,27.7906,0.197534,6.94662,-6.06146,1.94847,1.69852,
No.45:Traction sensor V,1340,1933,1286,1687,2065,1694,0,0,0,0,0,0,Traction sensor F/M,0,0,0,0,0,0,0,0,0,0,0,0,Contact sensor V,1989.44,1846.92,2448.73,1756.29,1717.83,1915.59,Contact sensor F/M,0,0,0,0,0,0,Robot TCP position,-0.0825271,0.302961,0.99298,-2.09327,0.349821,-0.450635,Robot Joint position,89.9969,-90.0034,-89.9957,-25.0121,-125.009,89.9896,Robot TCP Torque,-41.1509,10.9497,23.197,2.85549,3.16339,16.6648,Robot Joint Torque,28.0824,-0.381439,6.94662,-5.94596,1.83239,1.66973,
No.46:Traction sensor V,1338,1933,1288,1688,2067,1693,0,0,0,0,0,0,Traction sensor F/M,0,0,0,0,0,0,0,0,0,0,0,0,Contact sensor V,1988.83,1846.92,2448.43,1755.98,1718.44,1915.89,Contact sensor F/M,0,0,0,0,0,0,Robot TCP position,-0.0825176,0.302918,0.992996,-2.09322,0.349772,-0.450559,Robot Joint position,89.9983,-90.002,-89.9943,-25.0114,-125.006,89.9896,Robot TCP Torque,-40.4674,11.6285,22.7847,3.0629,2.94904,16.7107,Robot Joint Torque,27.9365,-0.236696,6.91648,-6.03259,1.89043,1.78488,
No.47:Traction sensor V,1337,1932,1291,1689,2066,1692,0,0,0,0,0,0,Traction sensor F/M,0,0,0,0,0,0,0,0,0,0,0,0,Contact sensor V,1988.83,1846.62,2448.73,1755.98,1718.14,1915.89,Contact sensor F/M,0,0,0,0,0,0,Robot TCP position,-0.0825338,0.302937,0.992976,-2.09321,0.349787,-0.450584,Robot Joint position,89.999,-90.0034,-89.9943,-25.0094,-125.008,89.9896,Robot TCP Torque,-39.4064,13.5478,22.9896,3.57533,2.7667,16.8252,Robot Joint Torque,27.5718,-0.0195808,7.21787,-6.20584,1.89043,1.78488,
No.48:Traction sensor V,1339,1931,1291,1688,2067,1690,0,0,0,0,0,0,Traction sensor F/M,0,0,0,0,0,0,0,0,0,0,0,0,Contact sensor V,1988.22,1846.92,2448.12,1757.51,1718.44,1914.98,Contact sensor F/M,0,0,0,0,0,0,Robot TCP position,-0.0825073,0.302927,0.992975,-2.0932,0.349824,-0.450601,Robot Joint position,89.9955,-90.0028,-89.995,-25.0087,-125.007,89.9903,Robot TCP Torque,-40.4575,11.3317,23.2036,3.03935,3.20113,16.4699,Robot Joint Torque,27.4259,-0.815669,7.27815,-6.03259,1.80337,1.66973,
No.49:Traction sensor V,1338,1930,1291,1687,2067,1690,0,0,0,0,0,0,Traction sensor F/M,0,0,0,0,0,0,0,0,0,0,0,0,Contact sensor V,1988.83,1847.23,2447.51,1756.9,1717.53,1915.28,Contact sensor F/M,0,0,0,0,0,0,Robot TCP position,-0.082514,0.30294,0.992975,-2.09324,0.349792,-0.450564,Robot Joint position,89.9976,-90.0034,-89.9957,-25.0101,-125.006,89.9889,Robot TCP Torque,-40.1563,11.7069,22.3117,2.98343,3.03141,16.5916,Robot Joint Torque,28.1553,-0.236696,6.94662,-6.09034,1.97749,1.58336,
No.50:Traction sensor V,1338,1930,1289,1686,2068,1690,0,0,0,0,0,0,Traction sensor F/M,0,0,0,0,0,0,0,0,0,0,0,0,Contact sensor V,1989.44,1847.23,2448.43,1757.81,1718.75,1914.98,Contact sensor F/M,0,0,0,0,0,0,Robot TCP position,-0.0825271,0.302945,0.992984,-2.09324,0.349806,-0.450643,Robot Joint position,89.9969,-90.0028,-89.995,-25.0114,-125.009,89.991,Robot TCP Torque,-39.3561,12.2939,23.2484,3.20736,3.07103,16.299,Robot Joint Torque,28.1553,-0.309067,7.27815,-6.06146,1.89043,1.61215,
No.51:Traction sensor V,1339,1930,1287,1682,2069,1692,0,0,0,0,0,0,Traction sensor F/M,0,0,0,0,0,0,0,0,0,0,0,0,Contact sensor V,1988.83,1846.62,2449.04,1756.29,1717.53,1916.2,Contact sensor F/M,0,0,0,0,0,0,Robot TCP position,-0.0825326,0.302962,0.99298,-2.09323,0.349879,-0.450675,Robot Joint position,89.9955,-90.0034,-89.9943,-25.0114,-125.011,89.9896,Robot TCP Torque,-40.6156,11.5289,22.4786,3.0669,3.31522,16.5101,Robot Joint Torque,27.6447,-0.236696,6.88634,-6.06146,1.86141,1.61215,
No.52:Traction sensor V,1340,1930,1285,1680,2068,1694,0,0,0,0,0,0,Traction sensor F/M,0,0,0,0,0,0,0,0,0,0,0,0,Contact sensor V,1989.75,1846.62,2448.12,1757.51,1718.44,1915.89,Contact sensor F/M,0,0,0,0,0,0,Robot TCP position,-0.0825429,0.302961,0.992981,-2.09326,0.349805,-0.45065,Robot Joint position,89.9983,-90.0034,-89.995,-25.0121,-125.01,89.9903,Robot TCP Torque,-40.714,12.207,22.3184,3.19686,3.33168,16.7552,Robot Joint Torque,27.4259,-0.598554,6.73565,-6.11921,1.94847,1.72731,
No.53:Traction sensor V,1339,1930,1286,1682,2070,1697,0,0,0,0,0,0,Traction sensor F/M,0,0,0,0,0,0,0,0,0,0,0,0,Contact sensor V,1990.36,1846.92,2447.51,1756.59,1717.83,1915.28,Contact sensor F/M,0,0,0,0,0,0,Robot TCP position,-0.0825104,0.302914,0.992976,-2.0932,0.349801,-0.450567,Robot Joint position,89.9969,-90.002,-89.9957,-25.0087,-125.006,89.9896,Robot TCP Torque,-39.4118,11.6446,22.6791,3.03575,3.04829,16.3024,Robot Joint Torque,28.1553,0.125162,6.70551,-5.91709,1.83239,1.61215,
No.54:Traction sensor V,1338,1930,1289,1682,2070,1699,0,0,0,0,0,0,Traction sensor F/M,0,0,0,0,0,0,0,0,0,0,0,0,Contact sensor V,1988.83,1847.23,2449.04,1757.51,1718.14,1914.67,Contact sensor F/M,0,0,0,0,0,0,Robot TCP position,-0.0825295,0.302955,0.992977,-2.09323,0.349764,-0.450587,Robot Joint position,89.999,-90.0048,-89.9936,-25.0101,-125.007,89.9903,Robot TCP Torque,-40.0134,11.7134,22.1456,2.8227,3.26424,16.4162,Robot Joint Torque,28.0824,0.197534,6.79593,-5.97484,1.80337,1.81367,
No.55:Traction sensor V,1338,1931,1292,1686,2071,1698,0,0,0,0,0,0,Traction sensor F/M,0,0,0,0,0,0,0,0,0,0,0,0,Contact sensor V,1989.75,1847.23,2449.34,1756.59,1718.44,1915.59,Contact sensor F/M,0,0,0,0,0,0,Robot TCP position,-0.0825066,0.302906,0.993001,-2.09316,0.34982,-0.450564,Robot Joint position,89.9962,-90.002,-89.9922,-25.0101,-125.006,89.9896,Robot TCP Torque,-40.74,11.4241,22.8444,3.08433,2.92383,16.6116,Robot Joint Torque,27.8636,-0.526182,6.55482,-6.09034,2.00651,1.78488,
No.56:Traction sensor V,1337,1930,1293,1687,2072,1698,0,0,0,0,0,0,Traction sensor F/M,0,0,0,0,0,0,0,0,0,0,0,0,Contact sensor V,1990.36,1847.23,2448.73,1755.98,1718.14,1914.98,Contact sensor F/M,0,0,0,0,0,0,Robot TCP position,-0.0825146,0.302959,0.992954,-2.09324,0.349813,-0.450583,Robot Joint position,89.9969,-90.0048,-89.9964,-25.008,-125.007,89.9889,Robot TCP Torque,-39.8561,11.5857,22.0085,3.04183,3.31248,16.3801,Robot Joint Torque,27.9365,0.414649,6.6151,-5.94596,1.86141,1.92883,
No.57:Traction sensor V,1337,1931,1293,1686,2070,1697,0,0,0,0,0,0,Traction sensor F/M,0,0,0,0,0,0,0,0,0,0,0,0,Contact sensor V,1990.05,1846.92,2448.12,1756.9,1717.83,1915.28,Contact sensor F/M,0,0,0,0,0,0,Robot TCP position,-0.0825223,0.302959,0.992979,-2.09326,0.349794,-0.450602,Robot Joint position,89.9976,-90.0041,-89.995,-25.0114,-125.007,89.9896,Robot TCP Torque,-39.8817,11.3309,22.4697,2.89948,3.10328,16.2785,Robot Joint Torque,27.1341,-0.598554,6.67537,-6.14809,1.97749,1.78488,
No.58:Traction sensor V,1339,1930,1289,1685,2069,1699,0,0,0,0,0,0,Traction sensor F/M,0,0,0,0,0,0,0,0,0,0,0,0,Contact sensor V,1988.53,1846.31,2448.73,1756.29,1718.44,1914.37,Contact sensor F/M,0,0,0,0,0,0,Robot TCP position,-0.0825108,0.302939,0.992988,-2.09322,0.349819,-0.450592,Robot Joint position,89.9962,-90.0034,-89.9936,-25.0107,-125.007,89.9896,Robot TCP Torque,-40.3583,11.0072,21.9945,2.69078,3.23651,16.4727,Robot Joint Torque,27.8636,0.269906,6.70551,-6.11921,1.83239,1.72731,
No.59:Traction sensor V,1338,1928,1287,1685,2066,1698,0,0,0,0,0,0,Traction sensor F/M,0,0,0,0,0,0,0,0,0,0,0,0,Contact sensor V,1988.53,1846.62,2449.04,1756.59,1717.83,1915.59,Contact sensor F/M,0,0,0,0,0,0,Robot TCP position,-0.0825278,0.302952,0.992987,-2.09322,0.349851,-0.450642,Robot Joint position,89.9962,-90.0034,-89.9936,-25.0114,-125.009,89.9896,Robot TCP Torque,-40.6413,11.5369,22.4134,2.87709,3.46089,16.4303,Robot Joint Torque,27.7906,-0.0919524,6.64523,-5.88821,1.89043,2.04398,
No.60:Traction sensor V,1337,1928,1286,1684,2065,1696,0,0,0,0,0,0,Traction sensor F/M,0,0,0,0,0,0,0,0,0,0,0,0,Contact sensor V,1988.83,1847.23,2449.65,1757.2,1717.83,1914.98,Contact sensor F/M,0,0,0,0,0,0,Robot TCP position,-0.0825077,0.302909,0.993002,-2.09316,0.349871,-0.450596,Robot Joint position,89.9949,-90.0014,-89.9929,-25.0107,-125.007,89.9889,Robot TCP Torque,-40.797,11.6196,22.7246,2.92716,3.1543,16.6833,Robot Joint Torque,28.2283,-0.381439,6.76579,-6.11921,1.94847,1.69852,
No.61:Traction sensor V,1337,1928,1287,1686,2065,1693,0,0,0,0,0,0,Traction sensor F/M,0,0,0,0,0,0,0,0,0,0,0,0,Contact sensor V,1990.66,1846.92,2448.73,1755.98,1718.44,1915.59,Contact sensor F/M,0,0,0,0,0,0,Robot TCP position,-0.0825259,0.302923,0.992985,-2.09317,0.349777,-0.450583,Robot Joint position,89.9983,-90.0034,-89.9922,-25.0087,-125.007,89.991,Robot TCP Torque,-40.2286,10.6492,21.7434,2.67568,3.38097,16.2644,Robot Joint Torque,27.7177,-0.381439,6.67537,-6.09034,1.94847,1.72731,
No.62:Traction sensor V,1336,1927,1289,1688,2066,1690,0,0,0,0,0,0,Traction sensor F/M,0,0,0,0,0,0,0,0,0,0,0,0,Contact sensor V,1987.92,1847.23,2448.73,1757.2,1718.14,1915.59,Contact sensor F/M,0,0,0,0,0,0,Robot TCP position,-0.0825187,0.302918,0.992994,-2.09322,0.349803,-0.450605,Robot Joint position,89.9969,-90.0014,-89.995,-25.0114,-125.007,89.9903,Robot TCP Torque,-40.6739,11.4103,21.9957,2.82285,3.28245,16.7031,Robot Joint Torque,27.28,-0.88804,6.55482,-6.09034,1.89043,1.69852,
No.63:Traction sensor V,1337,1928,1289,1689,2068,1689,0,0,0,0,0,0,Traction sensor F/M,0,0,0,0,0,0,0,0,0,0,0,0,Contact sensor V,1989.14,1847.23,2449.34,1756.59,1718.14,1914.98,Contact sensor F/M,0,0,0,0,0,0,Robot TCP position,-0.0825192,0.302928,0.99299,-2.09318,0.349842,-0.450606,Robot Joint position,89.9962,-90.0028,-89.9929,-25.0101,-125.008,89.9896,Robot TCP Torque,-40.2236,11.4186,22.0597,2.95484,3.35363,16.3292,Robot Joint Torque,27.4989,-0.164324,7.27815,-5.97484,1.89043,1.78488,
No.64:Traction sensor V,1338,1930,1290,1691,2068,1691,0,0,0,0,0,0,Traction sensor F/M,0,0,0,0,0,0,0,0,0,0,0,0,Contact sensor V,1989.44,1846.62,2449.04,1756.59,1718.14,1914.98,Contact sensor F/M,0,0,0,0,0,0,Robot TCP position,-0.0825097,0.30296,0.99297,-2.09326,0.34974,-0.450586,Robot Joint position,89.9976,-90.0055,-89.9943,-25.0094,-125.005,89.9917,Robot TCP Torque,-39.4925,12.0406,22.3152,3.12586,3.01339,16.4547,Robot Joint Torque,27.4259,-0.236696,7.15759,-6.03259,1.94847,1.61215,
No.65:Traction sensor V,1339,1931,1290,1690,2067,1693,0,0,0,0,0,0,Traction sensor F/M,0,0,0,0,0,0,0,0,0,0,0,0,Contact sensor V,1990.05,1847.23,2447.81,1755.98,1718.44,1914.98,Contact sensor F/M,0,0,0,0,0,0,Robot TCP position,-0.0825223,0.30295,0.992977,-2.09322,0.349821,-0.450575,Robot Joint position,89.9976,-90.0041,-89.9943,-25.0101,-125.007,89.9882,Robot TCP Torque,-40.4822,10.3206,22.5227,2.66089,2.90183,16.4512,Robot Joint Torque,26.7694,-0.236696,6.70551,-6.06146,1.86141,1.66973,
No.66:Traction sensor V,1340,1933,1291,1688,2067,1696,0,0,0,0,0,0,Traction sensor F/M,0,0,0,0,0,0,0,0,0,0,0,0,Contact sensor V,1988.83,1846.92,2448.12,1757.51,1718.44,1915.89,Contact sensor F/M,0,0,0,0,0,0,Robot TCP position,-0.0825234,0.302941,0.992978,-2.09317,0.34988,-0.450595,Robot Joint position,89.9962,-90.0034,-89.9936,-25.0094,-125.009,89.9875,Robot TCP Torque,-40.7388,11.5399,22.2607,2.92607,3.24175,16.6203,Robot Joint Torque,28.3742,0.269906,6.91648,-5.94596,1.83239,1.87125,
No.67:Traction sensor V,1340,1932,1286,1684,2067,1697,0,0,0,0,0,0,Traction sensor F/M,0,0,0,0,0,0,0,0,0,0,0,0,Contact sensor V,1987.92,1846.62,2448.43,1756.29,1718.44,1914.98,Contact sensor F/M,0,0,0,0,0,0,Robot TCP position,-0.0825151,0.302916,0.992991,-2.09322,0.349797,-0.450626,Robot Joint position,89.9962,-90.0014,-89.995,-25.0107,-125.007,89.9917,Robot TCP Torque,-40.3249,11.4417,22.3061,2.82807,3.03344,16.5926,Robot Joint Torque,27.6447,-0.453811,6.6151,-5.97484,1.86141,1.84246,
No.68:Traction sensor V,1339,1931,1285,1684,2068,1696,0,0,0,0,0,0,Traction sensor F/M,0,0,0,0,0,0,0,0,0,0,0,0,Contact sensor V,1988.83,1846.62,2449.34,1757.51,1718.44,1916.2,Contact sensor F/M,0,0,0,0,0,0,Robot TCP position,-0.0825146,0.302963,0.992973,-2.09329,0.349794,-0.450604,Robot Joint position,89.9969,-90.0041,-89.9964,-25.0114,-125.007,89.9896,Robot TCP Torque,-39.1053,10.5778,22.0487,2.59235,3.34258,15.7948,Robot Joint Torque,27.28,-0.453811,6.43426,-6.00371,1.89043,1.69852,
No.69:Traction sensor V,1338,1930,1285,1684,2069,1696,0,0,0,0,0,0,Traction sensor F/M,0,0,0,0,0,0,0,0,0,0,0,0,Contact sensor V,1988.83,1847.23,2448.12,1757.2,1717.53,1916.2,Contact sensor F/M,0,0,0,0,0,0,Robot TCP position,-0.0825109,0.30296,0.992976,-2.0933,0.349805,-0.450614,Robot Joint position,89.9962,-90.0034,-89.997,-25.0121,-125.007,89.9896,Robot TCP Torque,-40.2813,11.5364,22.1583,2.95369,3.42084,16.4659,Robot Joint Torque,27.7177,-0.309067,7.15759,-6.06146,1.91945,1.66973,
No.70:Traction sensor V,1338,1930,1286,1684,2067,1696,0,0,0,0,0,0,Traction sensor F/M,0,0,0,0,0,0,0,0,0,0,0,0,Contact sensor V,1990.05,1847.23,2448.43,1757.81,1718.14,1915.89,Contact sensor F/M,0,0,0,0,0,0,Robot TCP position,-0.0825187,0.302951,0.99297,-2.09323,0.349813,-0.4506,Robot Joint position,89.9969,-90.0041,-89.995,-25.0094,-125.007,89.9896,Robot TCP Torque,-41.0524,11.0839,22.3567,2.71971,3.56006,16.6331,Robot Joint Torque,27.1341,-0.598554,6.55482,-6.09034,1.91945,1.75609,
No.71:Traction sensor V,1338,1929,1286,1685,2067,1697,0,0,0,0,0,0,Traction sensor F/M,0,0,0,0,0,0,0,0,0,0,0,0,Contact sensor V,1988.22,1847.23,2448.12,1756.29,1717.53,1915.59,Contact sensor F/M,0,0,0,0,0,0,Robot TCP position,-0.0825218,0.302926,0.992978,-2.0932,0.349804,-0.450551,Robot Joint position,89.9983,-90.0028,-89.995,-25.0094,-125.007,89.9882,Robot TCP Torque,-40.6553,10.2836,21.5805,2.48101,3.59641,16.3237,Robot Joint Torque,28.0094,-0.309067,6.55482,-6.06146,1.83239,1.69852,
No.72:Traction sensor V,1339,1930,1286,1687,2066,1697,0,0,0,0,0,0,Traction sensor F/M,0,0,0,0,0,0,0,0,0,0,0,0,Contact sensor V,1990.05,1847.23,2448.73,1758.12,1718.44,1915.28,Contact sensor F/M,0,0,0,0,0,0,Robot TCP position,-0.082514,0.302971,0.992964,-2.09327,0.349807,-0.450556,Robot Joint position,89.9976,-90.0055,-89.9957,-25.0101,-125.006,89.9875,Robot TCP Torque,-38.7667,11.9903,22.3648,3.06711,2.88616,16.0866,Robot Joint Torque,27.6447,-0.88804,6.52468,-5.88821,1.80337,1.84246,
No.73:Traction sensor V,1339,1930,1284,1687,2067,1696,0,0,0,0,0,0,Traction sensor F/M,0,0,0,0,0,0,0,0,0,0,0,0,Contact sensor V,1990.36,1846.92,2448.12,1757.51,1718.44,1915.89,Contact sensor F/M,0,0,0,0,0,0,Robot TCP position,-0.0825151,0.302976,0.992959,-2.09326,0.34982,-0.450616,Robot Joint position,89.9962,-90.0055,-89.9957,-25.0094,-125.007,89.9896,Robot TCP Torque,-40.9656,9.92364,22.3038,2.38239,3.45022,16.3438,Robot Joint Torque,27.353,0.0527909,6.67537,-6.14809,1.91945,1.66973,
No.74:Traction sensor V,1338,1930,1283,1688,2070,1696,0,0,0,0,0,0,Traction sensor F/M,0,0,0,0,0,0,0,0,0,0,0,0,Contact sensor V,1989.75,1846.31,2448.73,1756.9,1717.83,1915.28,Contact sensor F/M,0,0,0,0,0,0,Robot TCP position,-0.0825139,0.302942,0.992983,-2.09321,0.349817,-0.45054,Robot Joint position,89.9976,-90.0041,-89.9936,-25.0101,-125.006,89.9875,Robot TCP Torque,-40.1528,12.4533,22.2022,3.08337,3.25894,16.5813,Robot Joint Torque,27.5718,-0.309067,6.55482,-6.09034,1.91945,1.90004,
No.75:Traction sensor V,1338,1931,1282,1690,2069,1693,0,0,0,0,0,0,Traction sensor F/M,0.171186,-0.10654,-0.170578,2.99321,0.250396,-0.149374,8.71342e-317,0,0.00189999,0.017937,-0.893032,-0.0787598,Contact sensor V,1989.44,1846.92,2448.73,1755.68,1717.53,1915.89,Contact sensor F/M,0.787954,-1.35806,0.117409,4.76368,1.70904,-0.200692,Robot TCP position,-0.0825212,0.302956,0.992965,-2.09326,0.349743,-0.45057,Robot Joint position,89.999,-90.0048,-89.9957,-25.0094,-125.006,89.9903,Robot TCP Torque,-40.0657,11.0041,22.0968,2.65797,3.28693,16.1958,Robot Joint Torque,27.6447,-0.526182,6.6151,-6.11921,1.83239,1.61215,
No.76:Traction sensor V,1338,1931,1281,1689,2069,1693,0,0,0,0,0,0,Traction sensor F/M,0.175464,-0.100315,-0.271639,2.71377,0.284344,-0.151815,1.19476e-316,0,0.00189999,0.017937,-0.893032,-0.0787598,Contact sensor V,1990.05,1846.31,2448.73,1756.59,1718.14,1915.59,Contact sensor F/M,0.0493798,-0.453302,0.110731,2.00783,-0.397263,-0.381496,Robot TCP position,-0.0825228,0.302947,0.992983,-2.0932,0.349836,-0.450596,Robot Joint position,89.9969,-90.0041,-89.9929,-25.0101,-125.008,89.9889,Robot TCP Torque,-39.87,11.3281,21.7857,2.74235,3.45517,16.2822,Robot Joint Torque,27.7177,-0.0919524,6.88634,-6.06146,1.86141,1.81367,
No.77:Traction sensor V,1338,1933,1283,1686,2068,1692,0,0,0,0,0,0,Traction sensor F/M,0.186667,-0.189053,-0.114447,2.26029,0.641094,-0.369656,1.07013e-316,0,0.00189999,0.017937,-0.893032,-0.0787598,Contact sensor V,1990.05,1846.92,2448.43,1757.51,1718.44,1915.59,Contact sensor F/M,-0.151122,-0.157905,0.054705,0.299443,-1.15578,-0.371875,Robot TCP position,-0.0825259,0.302943,0.992984,-2.09321,0.349791,-0.450579,Robot Joint position,89.9983,-90.0041,-89.9929,-25.0101,-125.007,89.9896,Robot TCP Torque,-39.7269,12.3736,22.0928,2.9756,3.18411,16.4121,Robot Joint Torque,28.0824,-0.164324,6.52468,-6.03259,1.94847,1.58336,
No.78:Traction sensor V,1338,1933,1285,1686,2066,1692,0,0,0,0,0,0,Traction sensor F/M,0.19673,-0.18238,0.0675697,2.24159,1.18208,-0.371092,6.91884e-310,0,0.00189999,0.017937,-0.893032,-0.0787598,Contact sensor V,1988.22,1846.62,2448.43,1756.9,1717.22,1915.28,Contact sensor F/M,1.60543,-0.366263,0.0504613,1.41176,3.523,-0.357228,Robot TCP position,-0.0825025,0.302929,0.992973,-2.09323,0.34981,-0.450564,Robot Joint position,89.9962,-90.0028,-89.9964,-25.0094,-125.005,89.9889,Robot TCP Torque,-41.1786,10.4348,22.6752,2.64086,3.46621,16.4691,Robot Joint Torque,27.6447,0.704136,6.55482,-6.09034,1.91945,1.55458,
No.79:Traction sensor V,1339,1931,1284,1682,2065,1695,0,0,0,0,0,0,Traction sensor F/M,0.113814,-0.0490067,-0.0702728,0.733369,1.16348,0.228172,6.91884e-310,0,0.00189999,0.017937,-0.893032,-0.0787598,Contact sensor V,1990.36,1846.62,2448.73,1756.29,1718.14,1915.59,Contact sensor F/M,-0.099311,-0.81644,0.11521,3.0426,-0.653142,-0.476468,Robot TCP position,-0.0825265,0.302942,0.992979,-2.09321,0.349821,-0.450593,Robot Joint position,89.9976,-90.0034,-89.9943,-25.0101,-125.008,89.9889,Robot TCP Torque,-40.0078,11.3106,22.524,2.93823,3.16148,16.3852,Robot Joint Torque,27.7177,-0.815669,6.28357,-6.09034,1.89043,1.81367,
No.80:Traction sensor V,1339,1931,1284,1684,2065,1694,0,0,0,0,0,0,Traction sensor F/M,0.107135,-0.0615657,-0.0467002,1.29257,1.10389,0.0246238,6.91884e-310,0,0.00189999,0.017937,-0.893032,-0.0787598,Contact sensor V,1987.92,1846.62,2448.43,1755.98,1717.83,1914.98,Contact sensor F/M,1.35106,-0.990566,0.0611268,3.72804,2.29262,-0.759992,Robot TCP position,-0.082527,0.302963,0.992981,-2.09322,0.34983,-0.450622,Robot Joint position,89.9969,-90.0048,-89.9929,-25.0107,-125.009,89.9896,Robot TCP Torque,-40.7231,10.7603,21.5806,2.60232,3.43077,16.414,Robot Joint Torque,27.6447,-0.0919524,5.74108,-6.06146,1.91945,1.95761,
No.81:Traction sensor V,1339,1930,1287,1685,2066,1693,0,0,0,0,0,0,Traction sensor F/M,0.0991238,-0.0184168,0.23661,1.36529,0.758742,-0.192834,1.4249e-316,0,0.00189999,0.017937,-0.893032,-0.0787598,Contact sensor V,1988.22,1846.92,2448.12,1755.68,1718.14,1915.28,Contact sensor F/M,0.99638,-1.36106,0.0158101,4.78312,1.27683,-0.656489,Robot TCP position,-0.082515,0.302935,0.992994,-2.0932,0.34981,-0.450614,Robot Joint position,89.9962,-90.0034,-89.9922,-25.0107,-125.007,89.991,Robot TCP Torque,-39.7785,10.5322,22.0477,2.55352,3.24698,16.0258,Robot Joint Torque,27.4989,-0.526182,6.31371,-6.06146,1.89043,1.90004,
No.82:Traction sensor V,1338,1929,1288,1684,2068,1694,0,0,0,0,0,0,Traction sensor F/M,0.199459,0.0402068,0.305508,0.876561,0.628291,0.0209294,6.91884e-310,0,0.00189999,0.017937,-0.893032,-0.0787598,Contact sensor V,1990.05,1846.92,2448.43,1757.51,1718.14,1915.28,Contact sensor F/M,0.0557897,-0.151373,0.053431,0.27507,-0.395889,-0.571382,Robot TCP position,-0.0825115,0.30296,0.992963,-2.09322,0.349849,-0.450605,Robot Joint position,89.9955,-90.0048,-89.995,-25.0087,-125.007,89.9889,Robot TCP Torque,-40.42,11.6098,21.3204,2.83615,3.24712,16.6488,Robot Joint Torque,28.0094,-0.670925,6.88634,-5.97484,2.00651,1.92883,
No.83:Traction sensor V,1339,1931,1290,1684,2069,1693,0,0,0,0,0,0,Traction sensor F/M,0.0816122,-0.0787718,0.499366,1.30111,-0.0612146,-0.200241,6.91884e-310,0,0.00189999,0.017937,-0.893032,-0.0787598,Contact sensor V,1987.92,1846.92,2448.12,1756.29,1718.14,1915.59,Contact sensor F/M,1.14861,-0.94856,0.00950985,3.26249,1.53748,-0.319134,Robot TCP position,-0.082515,0.302959,0.99297,-2.09323,0.349815,-0.450615,Robot Joint position,89.9962,-90.0048,-89.9943,-25.0094,-125.007,89.9903,Robot TCP Torque,-41.2821,10.6355,21.3151,2.50184,3.39217,16.7449,Robot Joint Torque,27.5718,-0.743297,6.2233,-6.00371,1.94847,1.75609,
No.84:Traction sensor V,1340,1932,1292,1684,2070,1693,0,0,0,0,0,0,Traction sensor F/M,-0.034448,-0.142634,0.688536,1.52377,-0.752884,-0.213906,1.44489e-316,0,0.00189999,0.017937,-0.893032,-0.0787598,Contact sensor V,1989.75,1847.23,2448.73,1757.2,1718.44,1914.98,Contact sensor F/M,0.00947002,-0.514357,0.109249,1.32767,-0.867844,-0.89219,Robot TCP position,-0.0825156,0.302936,0.992983,-2.09317,0.349865,-0.450604,Robot Joint position,89.9955,-90.0034,-89.9929,-25.0094,-125.008,89.9889,Robot TCP Torque,-39.0454,10.7869,21.8398,2.61933,3.21685,15.9042,Robot Joint Torque,27.7906,-0.453811,6.28357,-5.97484,1.83239,1.81367,
No.85:Traction sensor V,1340,1932,1288,1686,2068,1696,0,0,0,0,0,0,Traction sensor F/M,-0.0300882,-0.143707,0.338234,2.09733,-0.197955,0.437356,6.91884e-310,0,0.00189999,0.017937,-0.893032,-0.0787598,Contact sensor V,1988.22,1846.62,2447.81,1757.2,1717.22,1914.37,Contact sensor F/M,1.60569,-0.163889,-0.0542655,0.646686,3.51482,-1.03291,Robot TCP position,-0.0825187,0.30295,0.992983,-2.09325,0.349819,-0.450597,Robot Joint position,89.9969,-90.0034,-89.995,-25.0114,-125.007,89.9889,Robot TCP Torque,-40.5076,11.6763,21.6734,2.71557,3.33414,16.5553,Robot Joint Torque,27.7906,-0.453811,6.28357,-5.97484,1.83239,1.81367,
No.86:Traction sensor V,1340,1933,1286,1687,2069,1696,0,0,0,0,0,0,Traction sensor F/M,-0.0406381,-0.207025,0.168641,2.59454,-0.47643,0.447874,1.39865e-316,0,0.00189999,0.017937,-0.893032,-0.0787598,Contact sensor V,1988.53,1846.92,2448.73,1757.2,1717.83,1915.59,Contact sensor F/M,1.03901,-0.332635,0.102993,0.984524,1.7342,-0.213282,Robot TCP position,-0.0825223,0.302951,0.99297,-2.09321,0.349793,-0.450595,Robot Joint position,89.9976,-90.0048,-89.9936,-25.0087,-125.007,89.9903,Robot TCP Torque,-40.0289,11.46,22.0992,2.8339,3.12305,16.4636,Robot Joint Torque,27.7906,-0.598554,6.31371,-6.20584,1.91945,1.64094,
No.87:Traction sensor V,1339,1933,1287,1687,2070,1696,0,0,0,0,0,0,Traction sensor F/M,0.0598757,-0.205782,0.252854,2.58306,-0.352822,0.459072,1.02399e-316,0,0.00189999,0.017937,-0.893032,-0.0787598,Contact sensor V,1989.75,1846.62,2448.73,1757.2,1718.44,1914.98,Contact sensor F/M,-0.000476251,-0.203513,0.107094,0.784076,-0.888634,-0.826413,Robot TCP position,-0.082515,0.302908,0.992988,-2.09313,0.349871,-0.450559,Robot Joint position,89.9962,-90.002,-89.9929,-25.0087,-125.007,89.9875,Robot TCP Torque,-39.3682,11.3986,21.8349,2.71671,3.14135,16.1497,Robot Joint Torque,27.4259,-0.526182,6.10274,-6.14809,1.91945,1.55458,
No.88:Traction sensor V,1338,1932,1289,1686,2071,1695,0,0,0,0,0,0,Traction sensor F/M,0.166573,-0.14529,0.418543,2.07588,-0.229071,0.248821,1.36213e-316,0,0.00189999,0.017937,-0.893032,-0.0787598,Contact sensor V,1989.75,1846.62,2449.04,1757.81,1717.83,1915.28,Contact sensor F/M,0.409586,0.220139,0.149739,-0.776128,0.620547,-0.436631,Robot TCP position,-0.0825109,0.302954,0.992961,-2.09322,0.349819,-0.450592,Robot Joint position,89.9962,-90.0048,-89.995,-25.008,-125.007,89.9896,Robot TCP Torque,-40.5508,9.62671,21.1545,2.11233,3.53637,16.0082,Robot Joint Torque,27.6447,-0.309067,6.4644,-6.14809,1.89043,1.66973,
No.89:Traction sensor V,1337,1934,1289,1686,2073,1694,0,0,0,0,0,0,Traction sensor F/M,0.257816,-0.256882,0.418232,2.47506,-0.361782,0.0573716,1.00138e-316,0,0.00189999,0.017937,-0.893032,-0.0787598,Contact sensor V,1988.83,1846.62,2448.73,1757.2,1718.44,1914.98,Contact sensor F/M,0.464937,-0.194155,0.105354,0.767654,-0.071039,-0.754306,Robot TCP position,-0.0825181,0.302934,0.992985,-2.09321,0.349795,-0.450574,Robot Joint position,89.9976,-90.0034,-89.9936,-25.0101,-125.007,89.9896,Robot TCP Torque,-40.3515,10.3744,21.7255,2.37042,3.38842,16.277,Robot Joint Torque,27.4259,-0.309067,6.13288,-5.94596,1.94847,1.72731,
No.90:Traction sensor V,1337,1934,1287,1684,2072,1694,0,0,0,0,0,0,Traction sensor F/M,0.272011,-0.240783,0.216398,1.90925,-0.015773,0.0533802,1.00138e-316,0,0.00189999,0.017937,-0.893032,-0.0787598,Contact sensor V,1990.05,1846.62,2448.73,1756.29,1717.53,1914.98,Contact sensor F/M,0.46965,-0.800257,0.112082,2.98838,1.13918,-0.851445,Robot TCP position,-0.082527,0.30295,0.992981,-2.0932,0.349844,-0.450608,Robot Joint position,89.9969,-90.0041,-89.9929,-25.0101,-125.009,89.9889,Robot TCP Torque,-40.8517,11.3498,21.6814,2.72012,3.5727,16.4971,Robot Joint Torque,27.7906,-0.526182,6.67537,-6.09034,1.91945,1.78488,
No.91:Traction sensor V,1339,1933,1284,1684,2073,1695,0,0,0,0,0,0,Traction sensor F/M,0.0564639,-0.198789,-0.0483001,1.76093,-1.09225,0.237427,1.00138e-316,0,0.00189999,0.017937,-0.893032,-0.0787598,Contact sensor V,1990.36,1846.92,2448.43,1755.98,1718.44,1915.89,Contact sensor F/M,-0.298854,-1.18382,0.0693133,4.0922,-1.3964,-0.348929,Robot TCP position,-0.0825254,0.302941,0.992981,-2.09325,0.349753,-0.450578,Robot Joint position,89.999,-90.0034,-89.995,-25.0107,-125.007,89.9903,Robot TCP Torque,-40.764,10.1776,22.1984,2.41936,3.34948,16.3544,Robot Joint Torque,27.7177,-0.164324,6.37399,-6.09034,1.71631,1.75609,
No.92:Traction sensor V,1339,1932,1285,1685,2072,1696,0,0,0,0,0,0,Traction sensor F/M,0.05961,-0.146248,0.0483607,1.83378,-0.852067,0.448266,1.0014e-316,0,0.00189999,0.017937,-0.893032,-0.0787598,Contact sensor V,1989.14,1847.53,2448.73,1756.9,1718.44,1915.89,Contact sensor F/M,0.3263,-0.867568,0.111755,2.34548,-0.304238,-0.203388,Robot TCP position,-0.0825307,0.302948,0.992967,-2.09322,0.349817,-0.450616,Robot Joint position,89.9976,-90.0034,-89.9957,-25.0094,-125.009,89.9896,Robot TCP Torque,-40.5809,10.6696,21.6114,2.29799,3.49523,16.3044,Robot Joint Torque,28.0094,-0.236696,6.34385,-6.06146,1.74533,1.58336,
No.93:Traction sensor V,1339,1931,1285,1686,2072,1695,0,0,0,0,0,0,Traction sensor F/M,0.0590553,-0.0985127,0.0597966,1.90686,-0.896243,0.236526,6.91885e-310,6.91885e-310,1.42428e-316,3.39519e-313,8.21212e-312,6.91885e-310,Contact sensor V,1988.83,1846.92,2449.04,1756.29,1717.83,1915.59,Contact sensor F/M,0.887377,-0.948717,0.163106,3.26653,1.48045,-0.350431,Robot TCP position,-0.0825223,0.302936,0.992991,-2.09321,0.349793,-0.450595,Robot Joint position,89.9976,-90.0034,-89.9929,-25.0107,-125.007,89.9903,Robot TCP Torque,-41.1312,11.0951,21.7861,2.68596,3.45457,16.6837,Robot Joint Torque,27.5718,-0.381439,5.95205,-6.17696,1.91945,1.58336,
No.94:Traction sensor V,1340,1932,1286,1687,2071,1693,0,0,0,0,0,0,Traction sensor F/M,-0.0474652,-0.162145,0.174945,2.39005,-1.06449,-0.192994,1.42428e-316,0,0.00189999,0.017937,-0.893032,-0.0787598,Contact sensor V,1988.83,1846.92,2447.81,1756.59,1718.14,1915.89,Contact sensor F/M,0.682676,-0.753958,-0.0427193,2.51718,0.714239,-0.117001,Robot TCP position,-0.0825229,0.302916,0.99298,-2.09317,0.349831,-0.450595,Robot Joint position,89.9969,-90.002,-89.9943,-25.0087,-125.008,89.9896,Robot TCP Torque,-40.0734,10.7174,21.3602,2.41592,3.49221,16.2444,Robot Joint Torque,27.4989,-0.526182,6.31371,-6.09034,1.94847,1.69852,
No.95:Traction sensor V,1339,1933,1288,1689,2070,1690,0,0,0,0,0,0,Traction sensor F/M,0.0559162,-0.222325,0.381607,3.11708,-0.454708,-0.804326,1.41961e-316,0,0.00189999,0.017937,-0.893032,-0.0787598,Contact sensor V,1988.22,1847.23,2448.12,1757.2,1717.83,1915.89,Contact sensor F/M,1.201,-0.486401,0.00127388,1.24255,2.01772,0.0130248,Robot TCP position,-0.0825205,0.302968,0.992979,-2.09324,0.349862,-0.450671,Robot Joint position,89.9949,-90.0041,-89.9943,-25.0114,-125.009,89.9903,Robot TCP Torque,-40.6001,11.3249,20.7871,2.53371,3.3206,16.6435,Robot Joint Torque,26.7694,-0.453811,5.98219,-6.09034,1.97749,1.75609,
No.96:Traction sensor V,1339,1934,1290,1689,2069,1690,0,0,0,0,0,0,Traction sensor F/M,0.057889,-0.273683,0.565132,3.30954,-0.18092,-0.802511,6.91884e-310,0,0.00189999,0.017937,-0.893032,-0.0787598,Contact sensor V,1989.14,1847.23,2449.04,1756.9,1717.53,1914.37,Contact sensor F/M,0.941068,-0.692104,0.158081,2.00498,1.96381,-1.24243,Robot TCP position,-0.082538,0.302956,0.99297,-2.09324,0.349779,-0.450613,Robot Joint position,89.999,-90.0041,-89.995,-25.0101,-125.009,89.9903,Robot TCP Torque,-41.0461,11.3703,21.4738,2.72917,3.44907,16.6586,Robot Joint Torque,27.7906,-0.670925,6.49454,-6.00371,1.83239,1.66973,
No.97:Traction sensor V,1338,1934,1287,1687,2071,1691,0,0,0,0,0,0,Traction sensor F/M,0.16187,-0.26228,0.262602,2.75288,-0.246073,-0.582221,6.91884e-310,0,0.00189999,0.017937,-0.893032,-0.0787598,Contact sensor V,1988.22,1846.92,2448.43,1757.51,1718.14,1914.37,Contact sensor F/M,0.986508,-0.133227,0.0501856,0.242757,1.23741,-1.13884,Robot TCP position,-0.0825307,0.302955,0.99296,-2.09322,0.349838,-0.450599,Robot Joint position,89.9976,-90.0041,-89.9957,-25.0087,-125.009,89.9882,Robot TCP Torque,-40.7822,10.9761,21.7348,2.67023,3.44756,16.5601,Robot Joint Torque,27.9365,-0.526182,6.37399,-6.11921,2.00651,1.55458,
No.98:Traction sensor V,1338,1933,1286,1686,2071,1694,0,0,0,0,0,0,Traction sensor F/M,0.166605,-0.199469,0.151069,2.28286,-0.202234,0.0461408,1.03468e-316,0,0.00189999,0.017937,-0.893032,-0.0787598,Contact sensor V,1988.53,1846.92,2447.51,1756.9,1718.14,1915.59,Contact sensor F/M,0.837226,-0.547258,-0.0971121,1.75033,0.979868,-0.293171,Robot TCP position,-0.0825109,0.302951,0.992974,-2.09328,0.349768,-0.450639,Robot Joint position,89.9962,-90.0034,-89.9964,-25.0107,-125.007,89.9923,Robot TCP Torque,-40.8904,10.7602,22.3145,2.7416,3.4134,16.4365,Robot Joint Torque,27.7177,0.414649,6.52468,-6.00371,1.89043,1.66973,
No.99:Traction sensor V,1339,1932,1285,1686,2071,1695,0,0,0,0,0,0,Traction sensor F/M,0.0622405,-0.149246,0.0618804,2.10418,-0.607217,0.241559,1.22251e-316,0,0.00189999,0.017937,-0.893032,-0.0787598,Contact sensor V,1989.14,1847.23,2448.12,1757.2,1718.44,1914.98,Contact sensor F/M,0.321588,-0.509771,0.00595065,1.30861,-0.322811,-0.846181,Robot TCP position,-0.0825103,0.302902,0.992977,-2.09316,0.349777,-0.45058,Robot Joint position,89.9969,-90.002,-89.9943,-25.0073,-125.006,89.9917,Robot TCP Torque,-39.8004,11.3379,21.3135,2.67757,3.42853,16.4517,Robot Joint Torque,27.8636,-1.10516,6.37399,-6.09034,1.80337,1.66973,
No.100:Traction sensor V,1338,1930,1284,1687,2071,1696,0,0,0,0,0,0,Traction sensor F/M,0.170172,-0.040141,-0.0312043,1.96599,-0.232194,0.46428,1.27405e-316,0,0.00189999,0.017937,-0.893032,-0.0787598,Contact sensor V,1988.22,1846.92,2449.04,1757.2,1718.44,1915.28,Contact sensor F/M,0.779301,-0.342323,0.156264,1.03238,0.485065,-0.50087,Robot TCP position,-0.0825416,0.302928,0.992985,-2.0932,0.349763,-0.450602,Robot Joint position,89.9997,-90.0028,-89.9936,-25.0101,-125.009,89.991,Robot TCP Torque,-41.1568,11.3098,21.2073,2.61391,3.54815,16.7672,Robot Joint Torque,27.5718,-0.670925,6.0726,-6.14809,1.83239,1.72731,
