No.1:Traction sensor V,1338,1931,1280,1688,2069,1693,0,0,0,0,0,0,Traction sensor F/M,0,0,0,0,0,0,0,0,0,0,0,0,Contact sensor V,1991.27,1847.23,2448.73,1757.51,1717.83,1915.89,Contact sensor F/M,0,0,0,0,0,0,Robot TCP position,-0.188207,0.397469,0.949253,-1.9971,0.596449,-0.787219,Robot Joint position,89.9969,-90.0041,-89.9943,-25.0107,-145.012,89.9889,Robot TCP Torque,-70.0348,2.81948,18.9831,0.0612349,6.09199,15.3813,Robot Joint Torque,26.9153,0.557445,12.894,-4.13876,0.468496,0.834865,
No.2:Traction sensor V,1339,1933,1284,1688,2067,1692,0,0,0,0,0,0,Traction sensor F/M,0,0,0,0,0,0,0,0,0,0,0,0,Contact sensor V,1991.27,1846.92,2448.12,1756.9,1718.44,1914.98,Contact sensor F/M,0,0,0,0,0,0,Robot TCP position,-0.188174,0.397414,0.949265,-1.99717,0.596263,-0.787026,Robot Joint position,89.999,-90.0055,-89.9943,-25.0087,-145.001,89.9903,Robot TCP Torque,-40.2903,22.0847,30.4943,5.56272,-2.57186,15.5698,Robot Joint Torque,27.2071,-0.672872,13.0748,-4.31201,0.613596,0.662134,
No.3:Traction sensor V,1339,1934,1284,1687,2068,1692,0,0,0,0,0,0,Traction sensor F/M,0,0,0,0,0,0,0,0,0,0,0,0,Contact sensor V,1989.14,1847.53,2446.9,1756.59,1718.14,1915.28,Contact sensor F/M,0,0,0,0,0,0,Robot TCP position,-0.188164,0.397404,0.94928,-1.99713,0.596308,-0.787016,Robot Joint position,89.9976,-90.0048,-89.9929,-25.0087,-145.001,89.9896,Robot TCP Torque,-40.5946,23.1994,30.8498,5.68547,-2.63889,15.9505,Robot Joint Torque,27.28,-1.1071,12.8337,-4.45639,0.497516,0.777288,
No.4:Traction sensor V,1337,1934,1291,1687,2068,1691,0,0,0,0,0,0,Traction sensor F/M,0,0,0,0,0,0,0,0,0,0,0,0,Contact sensor V,1988.53,1846.31,2448.43,1757.51,1718.75,1914.37,Contact sensor F/M,0,0,0,0,0,0,Robot TCP position,-0.188163,0.397405,0.949267,-1.99711,0.596357,-0.787065,Robot Joint position,89.9962,-90.0034,-89.995,-25.008,-145.003,89.9896,Robot TCP Torque,-39.9127,23.0243,30.0784,5.77483,-2.83836,15.8238,Robot Joint Torque,26.8424,-0.455758,13.105,-4.25426,0.497516,0.575769,
No.5:Traction sensor V,1338,1933,1293,1687,2067,1691,0,0,0,0,0,0,Traction sensor F/M,0,0,0,0,0,0,0,0,0,0,0,0,Contact sensor V,1989.14,1847.23,2448.73,1757.81,1718.44,1915.28,Contact sensor F/M,0,0,0,0,0,0,Robot TCP position,-0.188174,0.39744,0.949242,-1.99718,0.596331,-0.787121,Robot Joint position,89.9969,-90.0048,-89.997,-25.0087,-145.004,89.9903,Robot TCP Torque,-39.6353,23.0821,30.5445,5.78057,-2.85883,15.7979,Robot Joint Torque,26.6965,-1.03473,13.0447,-4.39864,0.352417,0.518192,
No.6:Traction sensor V,1338,1932,1291,1687,2065,1692,0,0,0,0,0,0,Traction sensor F/M,0,0,0,0,0,0,0,0,0,0,0,0,Contact sensor V,1988.53,1846.92,2448.12,1756.29,1717.83,1915.59,Contact sensor F/M,0,0,0,0,0,0,Robot TCP position,-0.188156,0.397371,0.949281,-1.99707,0.596376,-0.78704,Robot Joint position,89.9955,-90.0014,-89.995,-25.0073,-145.002,89.9896,Robot TCP Torque,-40.2619,21.7741,31.1069,5.28126,-2.22035,15.1592,Robot Joint Torque,28.3742,-1.54133,12.8337,-4.68739,0.410457,0.54698,
No.7:Traction sensor V,1338,1930,1292,1687,2064,1692,0,0,0,0,0,0,Traction sensor F/M,0,0,0,0,0,0,0,0,0,0,0,0,Contact sensor V,1988.53,1846.92,2446.9,1756.59,1718.14,1914.67,Contact sensor F/M,0,0,0,0,0,0,Robot TCP position,-0.188166,0.397441,0.94926,-1.99714,0.596371,-0.787081,Robot Joint position,89.9962,-90.0055,-89.9943,-25.0094,-145.004,89.9882,Robot TCP Torque,-41.3046,21.8062,31.7062,4.92256,-1.29275,14.8941,Robot Joint Torque,28.0094,-0.528129,13.0447,-4.9184,0.439477,0.403038,
No.8:Traction sensor V,1338,1930,1290,1686,2064,1694,0,0,0,0,0,0,Traction sensor F/M,0,0,0,0,0,0,0,0,0,0,0,0,Contact sensor V,1988.83,1846.92,2447.51,1756.29,1718.44,1915.28,Contact sensor F/M,0,0,0,0,0,0,Robot TCP position,-0.188172,0.397415,0.949245,-1.99717,0.59628,-0.78705,Robot Joint position,89.9983,-90.0048,-89.997,-25.0073,-145.002,89.9903,Robot TCP Torque,-42.0838,22.0168,31.2798,4.8322,-0.646732,14.9171,Robot Joint Torque,27.7906,-1.54133,13.0748,-5.2649,0.410457,-0.0575769,
No.9:Traction sensor V,1336,1932,1291,1686,2065,1694,0,0,0,0,0,0,Traction sensor F/M,0,0,0,0,0,0,0,0,0,0,0,0,Contact sensor V,1988.83,1847.23,2448.43,1755.98,1718.44,1915.59,Contact sensor F/M,0,0,0,0,0,0,Robot TCP position,-0.188171,0.397417,0.949263,-1.99708,0.596391,-0.787125,Robot Joint position,89.9955,-90.0034,-89.9943,-25.0073,-145.006,89.991,Robot TCP Torque,-41.2008,22.6506,31.9179,5.09836,-0.34089,14.5848,Robot Joint Torque,27.7177,-0.383386,12.8337,-5.38041,0.410457,-0.345461,
No.10:Traction sensor V,1336,1931,1289,1686,2064,1694,0,0,0,0,0,0,Traction sensor F/M,0,0,0,0,0,0,0,0,0,0,0,0,Contact sensor V,1990.05,1846.92,2448.12,1755.68,1717.53,1914.37,Contact sensor F/M,0,0,0,0,0,0,Robot TCP position,-0.188169,0.397397,0.949247,-1.99716,0.596263,-0.78704,Robot Joint position,89.9983,-90.0041,-89.997,-25.0059,-145.001,89.9917,Robot TCP Torque,-42.7772,22.4727,32.0171,4.9868,0.78689,14.5092,Robot Joint Torque,27.0612,-0.455758,13.0447,-5.00503,0.352417,-0.92123,
No.11:Traction sensor V,1335,1930,1288,1686,2063,1695,0,0,0,0,0,0,Traction sensor F/M,0,0,0,0,0,0,0,0,0,0,0,0,Contact sensor V,1988.53,1847.53,2447.81,1757.51,1718.14,1915.59,Contact sensor F/M,0,0,0,0,0,0,Robot TCP position,-0.188161,0.397396,0.949258,-1.99712,0.596318,-0.787077,Robot Joint position,89.9962,-90.0034,-89.9957,-25.0059,-145.002,89.9923,Robot TCP Torque,-42.7275,22.1468,31.2538,5.16625,0.240565,14.7592,Robot Joint Torque,27.6447,-0.311014,13.2557,-5.0339,0.381437,-0.662134,
No.12:Traction sensor V,1336,1929,1286,1687,2064,1695,0,0,0,0,0,0,Traction sensor F/M,0,0,0,0,0,0,0,0,0,0,0,0,Contact sensor V,1990.66,1847.23,2447.51,1757.2,1718.44,1915.28,Contact sensor F/M,0,0,0,0,0,0,Robot TCP position,-0.188168,0.397405,0.949249,-1.99712,0.596305,-0.78709,Robot Joint position,89.9969,-90.0041,-89.9957,-25.0053,-145.003,89.993,Robot TCP Torque,-42.3984,21.1531,31.3035,4.90926,0.0366482,14.411,Robot Joint Torque,27.28,-0.0938994,13.0447,-4.88952,0.439477,-0.719711,
No.13:Traction sensor V,1338,1928,1282,1687,2065,1693,0,0,0,0,0,0,Traction sensor F/M,0,0,0,0,0,0,0,0,0,0,0,0,Contact sensor V,1989.44,1847.23,2447.51,1757.51,1718.14,1914.98,Contact sensor F/M,0,0,0,0,0,0,Robot TCP position,-0.188181,0.39738,0.949273,-1.99711,0.596291,-0.787082,Robot Joint position,89.9983,-90.002,-89.995,-25.0073,-145.004,89.993,Robot TCP Torque,-42.5265,21.9776,31.2024,5.12202,0.15361,14.6625,Robot Joint Torque,27.2071,-0.383386,13.1954,-4.97615,0.497516,-0.719711,
No.14:Traction sensor V,1339,1928,1285,1687,2066,1694,0,0,0,0,0,0,Traction sensor F/M,0,0,0,0,0,0,0,0,0,0,0,0,Contact sensor V,1989.75,1847.23,2448.43,1756.9,1717.83,1914.98,Contact sensor F/M,0,0,0,0,0,0,Robot TCP position,-0.188192,0.397379,0.94927,-1.99712,0.596252,-0.787045,Robot Joint position,90.0003,-90.0028,-89.995,-25.0073,-145.003,89.9923,Robot TCP Torque,-42.4701,22.1526,31.4168,5.25389,0.195017,14.7181,Robot Joint Torque,27.6447,-0.455758,12.894,-4.9184,0.468496,-0.54698,
No.15:Traction sensor V,1339,1931,1287,1686,2069,1694,0,0,0,0,0,0,Traction sensor F/M,0,0,0,0,0,0,0,0,0,0,0,0,Contact sensor V,1990.66,1846.92,2448.12,1757.51,1718.14,1914.98,Contact sensor F/M,0,0,0,0,0,0,Robot TCP position,-0.188176,0.397402,0.949264,-1.9971,0.596298,-0.787092,Robot Joint position,89.9976,-90.0041,-89.9936,-25.0059,-145.004,89.9937,Robot TCP Torque,-42.4765,22.1252,31.2088,5.23949,0.287818,14.6362,Robot Joint Torque,27.4259,-1.1071,13.3762,-4.88952,0.381437,-0.690922,
No.16:Traction sensor V,1341,1931,1288,1687,2067,1694,0,0,0,0,0,0,Traction sensor F/M,0,0,0,0,0,0,0,0,0,0,0,0,Contact sensor V,1990.97,1847.84,2446.9,1757.2,1718.14,1915.89,Contact sensor F/M,0,0,0,0,0,0,Robot TCP position,-0.188168,0.39741,0.94924,-1.99713,0.596317,-0.787084,Robot Joint position,89.9969,-90.0041,-89.997,-25.0053,-145.003,89.9917,Robot TCP Torque,-42.9345,21.2765,31.5675,4.97772,0.513651,14.3669,Robot Joint Torque,27.2071,-0.745244,13.0748,-5.0339,0.497516,-0.54698,
No.17:Traction sensor V,1341,1932,1285,1689,2065,1695,0,0,0,0,0,0,Traction sensor F/M,0,0,0,0,0,0,0,0,0,0,0,0,Contact sensor V,1989.75,1846.62,2448.12,1756.59,1718.14,1915.28,Contact sensor F/M,0,0,0,0,0,0,Robot TCP position,-0.188167,0.397376,0.949276,-1.99711,0.596282,-0.787049,Robot Joint position,89.9976,-90.0028,-89.9943,-25.0066,-145.002,89.993,Robot TCP Torque,-41.9761,22.8565,31.8871,5.42699,-0.242106,14.8277,Robot Joint Torque,27.5718,-0.528129,12.5323,-4.9184,0.439477,-0.662134,
No.18:Traction sensor V,1341,1933,1283,1689,2064,1696,0,0,0,0,0,0,Traction sensor F/M,0,0,0,0,0,0,0,0,0,0,0,0,Contact sensor V,1988.53,1846.92,2447.81,1757.81,1718.44,1914.98,Contact sensor F/M,0,0,0,0,0,0,Robot TCP position,-0.188175,0.397382,0.949259,-1.99709,0.596291,-0.78704,Robot Joint position,89.9983,-90.0034,-89.995,-25.0046,-145.002,89.9923,Robot TCP Torque,-41.6728,21.384,31.2551,4.97508,0.220939,14.0875,Robot Joint Torque,27.7906,-1.25185,12.6529,-5.00503,0.468496,-0.690922,
No.19:Traction sensor V,1341,1933,1279,1690,2065,1697,0,0,0,0,0,0,Traction sensor F/M,0,0,0,0,0,0,0,0,0,0,0,0,Contact sensor V,1988.53,1846.92,2448.12,1757.2,1718.14,1915.28,Contact sensor F/M,0,0,0,0,0,0,Robot TCP position,-0.188187,0.397387,0.949264,-1.99702,0.596348,-0.787056,Robot Joint position,89.9983,-90.0034,-89.9929,-25.0039,-145.005,89.9917,Robot TCP Torque,-42.5968,22.0484,31.0487,5.16836,0.107582,14.7207,Robot Joint Torque,26.7694,-0.600501,13.0146,-5.1494,0.439477,-0.690922,
No.20:Traction sensor V,1340,1933,1279,1690,2065,1697,0,0,0,0,0,0,Traction sensor F/M,0,0,0,0,0,0,0,0,0,0,0,0,Contact sensor V,1988.53,1846.92,2447.81,1757.2,1718.14,1914.67,Contact sensor F/M,0,0,0,0,0,0,Robot TCP position,-0.188174,0.397427,0.949245,-1.99713,0.59633,-0.787112,Robot Joint position,89.9969,-90.0048,-89.9957,-25.0066,-145.004,89.9917,Robot TCP Torque,-42.1439,22.53,31.5631,5.21255,0.13964,14.6975,Robot Joint Torque,27.9365,-0.600501,13.2858,-4.8029,0.439477,-0.662134,
No.21:Traction sensor V,1339,1932,1280,1690,2066,1698,0,0,0,0,0,0,Traction sensor F/M,0,0,0,0,0,0,0,0,0,0,0,0,Contact sensor V,1990.66,1847.23,2448.12,1757.2,1718.14,1915.28,Contact sensor F/M,0,0,0,0,0,0,Robot TCP position,-0.188173,0.397378,0.949262,-1.99707,0.596316,-0.787053,Robot Joint position,89.9976,-90.0028,-89.995,-25.0046,-145.003,89.9923,Robot TCP Torque,-42.2393,22.5,31.406,5.18017,0.0941527,14.729,Robot Joint Torque,27.1341,-0.745244,13.105,-5.1494,0.439477,-0.604557,
No.22:Traction sensor V,1340,1931,1282,1689,2067,1696,0,0,0,0,0,0,Traction sensor F/M,0,0,0,0,0,0,0,0,0,0,0,0,Contact sensor V,1989.44,1846.31,2448.73,1756.29,1718.14,1915.89,Contact sensor F/M,0,0,0,0,0,0,Robot TCP position,-0.188175,0.397402,0.949242,-1.99714,0.596284,-0.787058,Robot Joint position,89.9983,-90.0041,-89.997,-25.0053,-145.002,89.9917,Robot TCP Torque,-41.8437,23.2506,30.9386,5.4025,-0.0549883,15.0264,Robot Joint Torque,27.4259,-0.889987,12.9543,-4.88952,0.381437,-0.690922,
No.23:Traction sensor V,1341,1932,1283,1689,2067,1695,0,0,0,0,0,0,Traction sensor F/M,0,0,0,0,0,0,0,0,0,0,0,0,Contact sensor V,1989.44,1846.92,2447.81,1757.2,1718.14,1915.59,Contact sensor F/M,0,0,0,0,0,0,Robot TCP position,-0.188172,0.397422,0.949246,-1.99716,0.596262,-0.78706,Robot Joint position,89.9983,-90.0062,-89.995,-25.0059,-145.002,89.9923,Robot TCP Torque,-42.1967,22.149,30.9999,5.26888,-0.0316848,14.7509,Robot Joint Torque,26.3318,-1.25185,12.894,-5.17828,0.439477,-0.719711,
No.24:Traction sensor V,1339,1933,1285,1687,2068,1695,0,0,0,0,0,0,Traction sensor F/M,0,0,0,0,0,0,0,0,0,0,0,0,Contact sensor V,1988.53,1846.62,2448.43,1756.29,1717.83,1914.98,Contact sensor F/M,0,0,0,0,0,0,Robot TCP position,-0.188175,0.397382,0.949272,-1.99712,0.59629,-0.787047,Robot Joint position,89.9983,-90.0028,-89.995,-25.0073,-145.002,89.9917,Robot TCP Torque,-42.1273,22.7142,30.8275,5.15214,0.363722,14.7407,Robot Joint Torque,27.4989,-0.962359,12.7433,-4.94727,0.468496,-0.604557,
No.25:Traction sensor V,1338,1933,1282,1686,2070,1694,0,0,0,0,0,0,Traction sensor F/M,0,0,0,0,0,0,0,0,0,0,0,0,Contact sensor V,1990.05,1846.92,2447.81,1755.98,1717.83,1915.28,Contact sensor F/M,0,0,0,0,0,0,Robot TCP position,-0.188178,0.397384,0.949261,-1.9971,0.596302,-0.787053,Robot Joint position,89.9983,-90.0028,-89.9957,-25.0059,-145.003,89.9917,Robot TCP Torque,-42.4035,22.6218,31.7342,5.4394,-0.300397,14.9783,Robot Joint Torque,27.1341,-0.455758,13.1954,-4.97615,0.410457,-0.719711,
No.26:Traction sensor V,1337,1933,1281,1686,2069,1695,0,0,0,0,0,0,Traction sensor F/M,0,0,0,0,0,0,0,0,0,0,0,0,Contact sensor V,1990.66,1846.92,2448.73,1757.2,1718.14,1915.28,Contact sensor F/M,0,0,0,0,0,0,Robot TCP position,-0.188172,0.397373,0.949284,-1.99705,0.596318,-0.786992,Robot Joint position,89.9983,-90.0034,-89.9922,-25.0059,-145.002,89.9903,Robot TCP Torque,-42.5145,22.6579,31.8299,5.28713,0.0349376,14.7224,Robot Joint Torque,27.1341,-0.745244,12.7132,-4.88952,0.439477,-0.604557,
No.27:Traction sensor V,1337,1933,1280,1686,2068,1695,0,0,0,0,0,0,Traction sensor F/M,0,0,0,0,0,0,0,0,0,0,0,0,Contact sensor V,1989.75,1847.23,2448.43,1756.59,1718.14,1915.89,Contact sensor F/M,0,0,0,0,0,0,Robot TCP position,-0.188163,0.397385,0.949277,-1.99709,0.596328,-0.787081,Robot Joint position,89.9962,-90.0028,-89.9936,-25.0066,-145.003,89.993,Robot TCP Torque,-42.0528,21.8564,31.3566,5.0326,0.424404,14.2438,Robot Joint Torque,27.1341,-0.455758,12.9543,-4.97615,0.410457,-0.633346,
No.28:Traction sensor V,1338,1933,1278,1687,2069,1694,0,0,0,0,0,0,Traction sensor F/M,0,0,0,0,0,0,0,0,0,0,0,0,Contact sensor V,1988.83,1847.53,2448.43,1755.68,1718.44,1916.2,Contact sensor F/M,0,0,0,0,0,0,Robot TCP position,-0.188171,0.397397,0.949244,-1.99708,0.596349,-0.787065,Robot Joint position,89.9969,-90.0034,-89.9964,-25.0039,-145.004,89.991,Robot TCP Torque,-42.556,21.8813,30.8957,5.16289,0.171309,14.4858,Robot Joint Torque,28.1553,-0.455758,12.8337,-4.88952,0.410457,-0.662134,
No.29:Traction sensor V,1338,1932,1282,1689,2067,1695,0,0,0,0,0,0,Traction sensor F/M,0,0,0,0,0,0,0,0,0,0,0,0,Contact sensor V,1990.36,1846.92,2447.51,1756.9,1718.14,1915.28,Contact sensor F/M,0,0,0,0,0,0,Robot TCP position,-0.188181,0.397382,0.949262,-1.99708,0.596308,-0.787063,Robot Joint position,89.9983,-90.0028,-89.995,-25.0053,-145.004,89.9923,Robot TCP Torque,-42.5215,22.3126,31.3074,5.21033,0.156408,14.7274,Robot Joint Torque,27.353,-0.889987,12.8337,-4.65852,0.410457,-0.690922,
No.30:Traction sensor V,1339,1932,1282,1689,2068,1694,0,0,0,0,0,0,Traction sensor F/M,0,0,0,0,0,0,0,0,0,0,0,0,Contact sensor V,1990.36,1846.92,2448.43,1756.29,1717.83,1915.28,Contact sensor F/M,0,0,0,0,0,0,Robot TCP position,-0.18818,0.397409,0.949237,-1.99714,0.596287,-0.787039,Robot Joint position,89.999,-90.0048,-89.997,-25.0053,-145.002,89.9903,Robot TCP Torque,-42.2358,22.8053,31.3506,5.23489,0.127054,14.8596,Robot Joint Torque,27.1341,-1.32422,13.0447,-4.88952,0.410457,-0.719711,
No.31:Traction sensor V,1338,1931,1282,1689,2069,1692,0,0,0,0,0,0,Traction sensor F/M,0,0,0,0,0,0,0,0,0,0,0,0,Contact sensor V,1990.05,1847.23,2448.73,1756.9,1718.44,1915.59,Contact sensor F/M,0,0,0,0,0,0,Robot TCP position,-0.188162,0.397375,0.949254,-1.9971,0.596298,-0.787051,Robot Joint position,89.9969,-90.0028,-89.9964,-25.0039,-145.002,89.993,Robot TCP Torque,-42.1203,22.134,31.0924,5.07607,0.307764,14.4884,Robot Joint Torque,27.5718,-0.528129,12.9241,-4.94727,0.381437,-0.575769,
No.32:Traction sensor V,1338,1932,1284,1688,2067,1694,0,0,0,0,0,0,Traction sensor F/M,0,0,0,0,0,0,0,0,0,0,0,0,Contact sensor V,1988.83,1846.62,2447.51,1756.59,1718.14,1915.59,Contact sensor F/M,0,0,0,0,0,0,Robot TCP position,-0.188181,0.39735,0.949267,-1.99704,0.596312,-0.78705,Robot Joint position,89.9983,-90.0007,-89.9957,-25.0039,-145.004,89.993,Robot TCP Torque,-42.5526,22.4193,30.9938,5.20657,0.275593,14.7365,Robot Joint Torque,26.9883,-1.75845,12.9844,-4.9184,0.439477,-0.604557,
No.33:Traction sensor V,1339,1932,1284,1687,2066,1692,0,0,0,0,0,0,Traction sensor F/M,0,0,0,0,0,0,0,0,0,0,0,0,Contact sensor V,1989.44,1846.92,2447.2,1756.29,1718.44,1914.98,Contact sensor F/M,0,0,0,0,0,0,Robot TCP position,-0.188185,0.39737,0.949267,-1.99708,0.596289,-0.787058,Robot Joint position,89.999,-90.002,-89.995,-25.0053,-145.004,89.993,Robot TCP Torque,-42.3344,23.4233,31.3073,5.47211,0.246973,15.0844,Robot Joint Torque,27.28,-0.817616,13.0447,-5.20715,0.410457,-0.575769,
No.34:Traction sensor V,1339,1932,1285,1687,2066,1693,0,0,0,0,0,0,Traction sensor F/M,0,0,0,0,0,0,0,0,0,0,0,0,Contact sensor V,1990.36,1847.23,2448.12,1756.29,1717.22,1914.98,Contact sensor F/M,0,0,0,0,0,0,Robot TCP position,-0.188171,0.397394,0.949248,-1.99709,0.596314,-0.787094,Robot Joint position,89.9969,-90.0034,-89.9957,-25.0039,-145.004,89.9937,Robot TCP Torque,-42.4344,23.0231,31.4055,5.31929,0.134599,15.0409,Robot Joint Torque,26.4777,-0.528129,12.6529,-5.09165,0.439477,-0.518192,
No.35:Traction sensor V,1340,1934,1286,1687,2067,1693,0,0,0,0,0,0,Traction sensor F/M,0,0,0,0,0,0,0,0,0,0,0,0,Contact sensor V,1988.83,1846.92,2447.81,1757.51,1718.14,1915.89,Contact sensor F/M,0,0,0,0,0,0,Robot TCP position,-0.18818,0.397377,0.949263,-1.99708,0.596282,-0.787027,Robot Joint position,89.999,-90.0034,-89.9943,-25.0046,-145.002,89.9923,Robot TCP Torque,-42.1924,22.3226,31.4697,5.29943,0.012102,14.7144,Robot Joint Torque,27.7177,-0.817616,12.6228,-5.09165,0.468496,-0.719711,
No.36:Traction sensor V,1341,1934,1284,1686,2066,1692,0,0,0,0,0,0,Traction sensor F/M,0,0,0,0,0,0,0,0,0,0,0,0,Contact sensor V,1990.05,1846.92,2448.43,1756.29,1718.44,1915.89,Contact sensor F/M,0,0,0,0,0,0,Robot TCP position,-0.188167,0.397386,0.949244,-1.99712,0.596279,-0.787055,Robot Joint position,89.9976,-90.0034,-89.997,-25.0039,-145.002,89.993,Robot TCP Torque,-42.6204,20.9302,31.5534,4.70017,0.506553,14.1358,Robot Joint Torque,27.0612,-1.39659,13.2557,-4.9184,0.381437,-0.633346,
No.37:Traction sensor V,1340,1933,1284,1686,2064,1692,0,0,0,0,0,0,Traction sensor F/M,0,0,0,0,0,0,0,0,0,0,0,0,Contact sensor V,1989.14,1846.92,2448.12,1756.29,1718.14,1914.67,Contact sensor F/M,0,0,0,0,0,0,Robot TCP position,-0.188166,0.397421,0.949236,-1.99713,0.596322,-0.787114,Robot Joint position,89.9962,-90.0048,-89.9964,-25.0046,-145.004,89.993,Robot TCP Torque,-42.5568,22.0402,31.569,5.16933,0.0448393,14.5872,Robot Joint Torque,27.2071,-0.383386,12.683,-5.12053,0.439477,-0.633346,
No.38:Traction sensor V,1340,1934,1284,1686,2066,1693,0,0,0,0,0,0,Traction sensor F/M,0,0,0,0,0,0,0,0,0,0,0,0,Contact sensor V,1989.75,1847.23,2448.43,1756.29,1717.83,1914.98,Contact sensor F/M,0,0,0,0,0,0,Robot TCP position,-0.188185,0.397395,0.949254,-1.99712,0.596285,-0.787071,Robot Joint position,89.999,-90.0034,-89.9957,-25.0059,-145.004,89.9923,Robot TCP Torque,-42.2514,23.1285,31.7766,5.40438,0.12902,14.842,Robot Joint Torque,27.5718,-0.600501,12.9844,-5.0339,0.410457,-0.690922,
No.39:Traction sensor V,1340,1934,1284,1686,2065,1692,0,0,0,0,0,0,Traction sensor F/M,0,0,0,0,0,0,0,0,0,0,0,0,Contact sensor V,1990.66,1846.92,2448.43,1757.2,1718.44,1915.59,Contact sensor F/M,0,0,0,0,0,0,Robot TCP position,-0.188182,0.397415,0.949252,-1.99714,0.596254,-0.787082,Robot Joint position,89.999,-90.0055,-89.9943,-25.0059,-145.003,89.9937,Robot TCP Torque,-41.6376,22.2632,31.2536,5.19033,0.0534988,14.5574,Robot Joint Torque,26.6965,-0.455758,13.105,-5.09165,0.439477,-0.575769,
No.40:Traction sensor V,1340,1933,1284,1686,2065,1693,0,0,0,0,0,0,Traction sensor F/M,0,0,0,0,0,0,0,0,0,0,0,0,Contact sensor V,1989.14,1846.62,2447.81,1756.9,1718.14,1914.06,Contact sensor F/M,0,0,0,0,0,0,Robot TCP position,-0.18817,0.397364,0.949255,-1.99709,0.596282,-0.787062,Robot Joint position,89.9976,-90.002,-89.9964,-25.0032,-145.002,89.9944,Robot TCP Torque,-42.5972,23.2604,31.4563,5.35065,-0.0188988,15.168,Robot Joint Torque,27.353,-0.962359,12.894,-4.97615,0.468496,-0.633346,
No.41:Traction sensor V,1338,1933,1284,1688,2068,1696,0,0,0,0,0,0,Traction sensor F/M,0,0,0,0,0,0,0,0,0,0,0,0,Contact sensor V,1990.66,1847.53,2447.51,1755.68,1717.83,1915.59,Contact sensor F/M,0,0,0,0,0,0,Robot TCP position,-0.188169,0.39736,0.949263,-1.99705,0.596304,-0.786984,Robot Joint position,89.9983,-90.0028,-89.995,-25.0032,-145.001,89.991,Robot TCP Torque,-41.6581,23.6455,31.3105,5.58086,-0.317517,15.1761,Robot Joint Torque,27.353,-0.817616,12.9241,-4.9184,0.526536,-0.633346,
No.42:Traction sensor V,1340,1933,1287,1688,2066,1695,0,0,0,0,0,0,Traction sensor F/M,0,0,0,0,0,0,0,0,0,0,0,0,Contact sensor V,1988.53,1846.92,2448.12,1756.59,1718.14,1915.28,Contact sensor F/M,0,0,0,0,0,0,Robot TCP position,-0.188181,0.397409,0.949232,-1.99709,0.59632,-0.787056,Robot Joint position,89.9983,-90.0048,-89.9964,-25.0032,-145.004,89.991,Robot TCP Torque,-41.9214,21.7417,31.1005,5.11171,0.110196,14.4197,Robot Joint Torque,27.4989,-0.528129,12.9844,-4.94727,0.410457,-0.662134,
No.43:Traction sensor V,1340,1931,1282,1688,2066,1695,0,0,0,0,0,0,Traction sensor F/M,0,0,0,0,0,0,0,0,0,0,0,0,Contact sensor V,1988.83,1847.23,2448.73,1757.51,1718.14,1915.59,Contact sensor F/M,0,0,0,0,0,0,Robot TCP position,-0.18815,0.397381,0.949246,-1.9971,0.5963,-0.787066,Robot Joint position,89.9955,-90.0034,-89.9964,-25.0025,-145.001,89.9944,Robot TCP Torque,-42.2128,23.6258,30.9841,5.40242,0.100755,15.2424,Robot Joint Torque,27.28,-0.817616,12.6228,-5.29378,0.352417,-0.662134,
No.44:Traction sensor V,1340,1932,1284,1687,2066,1695,0,0,0,0,0,0,Traction sensor F/M,0,0,0,0,0,0,0,0,0,0,0,0,Contact sensor V,1988.53,1846.92,2448.12,1756.59,1718.44,1914.98,Contact sensor F/M,0,0,0,0,0,0,Robot TCP position,-0.18819,0.397385,0.949248,-1.99709,0.596274,-0.787057,Robot Joint position,89.9997,-90.0034,-89.9957,-25.0039,-145.004,89.993,Robot TCP Torque,-41.6711,22.3983,31.4026,5.09859,0.132906,14.4251,Robot Joint Torque,27.4259,-1.03473,12.9241,-5.00503,0.439477,-0.690922,
No.45:Traction sensor V,1342,1932,1289,1687,2067,1693,0,0,0,0,0,0,Traction sensor F/M,0,0,0,0,0,0,0,0,0,0,0,0,Contact sensor V,1988.83,1847.23,2447.2,1757.51,1718.44,1914.98,Contact sensor F/M,0,0,0,0,0,0,Robot TCP position,-0.188172,0.397364,0.949261,-1.99706,0.596293,-0.787012,Robot Joint position,89.9983,-90.0028,-89.995,-25.0032,-145.002,89.9923,Robot TCP Torque,-43.0164,22.7675,31.5127,5.28582,0.0834053,15.0546,Robot Joint Torque,26.5506,-0.600501,13.0146,-5.17828,0.439477,-0.748499,
No.46:Traction sensor V,1343,1931,1290,1689,2070,1693,0,0,0,0,0,0,Traction sensor F/M,0,0,0,0,0,0,0,0,0,0,0,0,Contact sensor V,1988.83,1846.92,2448.73,1756.59,1718.14,1914.98,Contact sensor F/M,0,0,0,0,0,0,Robot TCP position,-0.188168,0.3974,0.949246,-1.99706,0.596332,-0.787055,Robot Joint position,89.9969,-90.0048,-89.9943,-25.0025,-145.003,89.9923,Robot TCP Torque,-42.9722,22.3143,30.8251,5.03982,0.418842,14.8394,Robot Joint Torque,27.4989,-0.745244,12.8036,-5.06278,0.468496,-0.604557,
No.47:Traction sensor V,1343,1933,1289,1690,2072,1694,0,0,0,0,0,0,Traction sensor F/M,0,0,0,0,0,0,0,0,0,0,0,0,Contact sensor V,1990.05,1847.23,2448.43,1755.68,1718.44,1915.89,Contact sensor F/M,0,0,0,0,0,0,Robot TCP position,-0.188161,0.397382,0.949259,-1.99709,0.596319,-0.78707,Robot Joint position,89.9962,-90.0028,-89.9957,-25.0046,-145.002,89.993,Robot TCP Torque,-42.6249,22.2463,31.4097,5.18645,0.0722921,14.8193,Robot Joint Torque,27.4989,-0.889987,12.9241,-5.06278,0.497516,-0.662134,
No.48:Traction sensor V,1345,1933,1291,1690,2070,1693,0,0,0,0,0,0,Traction sensor F/M,0,0,0,0,0,0,0,0,0,0,0,0,Contact sensor V,1989.44,1846.92,2447.51,1757.2,1717.83,1915.59,Contact sensor F/M,0,0,0,0,0,0,Robot TCP position,-0.188174,0.397353,0.949259,-1.99705,0.59627,-0.786992,Robot Joint position,89.999,-90.0028,-89.995,-25.0018,-145.001,89.993,Robot TCP Torque,-42.2865,22.0153,31.0927,5.05269,0.261449,14.5471,Robot Joint Torque,27.4259,0.0508439,13.0146,-5.00503,0.381437,-0.633346,
No.49:Traction sensor V,1343,1931,1283,1691,2068,1695,0,0,0,0,0,0,Traction sensor F/M,0,0,0,0,0,0,0,0,0,0,0,0,Contact sensor V,1989.14,1846.62,2447.81,1757.2,1717.83,1915.59,Contact sensor F/M,0,0,0,0,0,0,Robot TCP position,-0.188164,0.397355,0.949255,-1.99712,0.596258,-0.78705,Robot Joint position,89.9976,-90.0014,-89.9978,-25.0039,-145.001,89.9944,Robot TCP Torque,-41.8808,21.5452,31.4729,5.16611,-0.147571,14.4008,Robot Joint Torque,26.9883,-0.455758,12.8337,-4.88952,0.410457,-0.690922,
No.50:Traction sensor V,1340,1930,1279,1689,2065,1695,0,0,0,0,0,0,Traction sensor F/M,0,0,0,0,0,0,0,0,0,0,0,0,Contact sensor V,1989.14,1846.92,2448.12,1755.98,1717.83,1914.98,Contact sensor F/M,0,0,0,0,0,0,Robot TCP position,-0.188184,0.397423,0.949232,-1.99712,0.596287,-0.787107,Robot Joint position,89.9983,-90.0055,-89.9957,-25.0039,-145.004,89.9937,Robot TCP Torque,-42.4182,22.955,31.5586,5.27434,0.0368044,15.0336,Robot Joint Torque,27.28,-0.745244,13.0748,-4.97615,0.410457,-0.604557,
No.51:Traction sensor V,1339,1930,1281,1688,2065,1696,0,0,0,0,0,0,Traction sensor F/M,0,0,0,0,0,0,0,0,0,0,0,0,Contact sensor V,1990.05,1846.62,2448.43,1756.29,1718.44,1914.67,Contact sensor F/M,0,0,0,0,0,0,Robot TCP position,-0.188163,0.397368,0.949262,-1.99706,0.596323,-0.787077,Robot Joint position,89.9962,-90.002,-89.995,-25.0032,-145.003,89.9944,Robot TCP Torque,-42.2038,22.5498,31.6103,5.13953,0.0580089,14.7526,Robot Joint Torque,27.7177,-0.528129,12.9241,-5.12053,0.439477,-0.518192,
No.52:Traction sensor V,1337,1929,1284,1687,2068,1698,0,0,0,0,0,0,Traction sensor F/M,0,0,0,0,0,0,0,0,0,0,0,0,Contact sensor V,1990.66,1847.23,2448.43,1756.9,1718.44,1915.59,Contact sensor F/M,0,0,0,0,0,0,Robot TCP position,-0.188173,0.39743,0.949233,-1.99715,0.596286,-0.787093,Robot Joint position,89.9976,-90.0062,-89.9957,-25.0046,-145.003,89.993,Robot TCP Torque,-41.4877,22.1085,30.5775,5.18558,0.0200071,14.5871,Robot Joint Torque,27.2071,-0.672872,12.9844,-5.0339,0.497516,-0.662134,
No.53:Traction sensor V,1336,1930,1286,1686,2069,1698,0,0,0,0,0,0,Traction sensor F/M,0,0,0,0,0,0,0,0,0,0,0,0,Contact sensor V,1988.83,1846.92,2447.2,1755.98,1718.14,1914.98,Contact sensor F/M,0,0,0,0,0,0,Robot TCP position,-0.188165,0.397389,0.949241,-1.99707,0.596314,-0.787052,Robot Joint position,89.9969,-90.0041,-89.9957,-25.0018,-145.002,89.993,Robot TCP Torque,-43.0224,22.375,31.6227,5.27967,0.0769118,14.9042,Robot Joint Torque,27.1341,-0.817616,12.9241,-5.00503,0.526536,-0.54698,
No.54:Traction sensor V,1338,1932,1290,1686,2071,1695,0,0,0,0,0,0,Traction sensor F/M,0,0,0,0,0,0,0,0,0,0,0,0,Contact sensor V,1990.05,1846.92,2447.51,1756.9,1718.14,1914.67,Contact sensor F/M,0,0,0,0,0,0,Robot TCP position,-0.18817,0.397377,0.949259,-1.99706,0.596314,-0.787031,Robot Joint position,89.9976,-90.0034,-89.9943,-25.0032,-145.002,89.9923,Robot TCP Torque,-43.2216,22.0463,31.5049,4.98527,0.399388,14.6179,Robot Joint Torque,26.5506,-0.745244,12.8639,-4.83177,0.410457,-0.518192,
No.55:Traction sensor V,1337,1932,1290,1687,2071,1695,0,0,0,0,0,0,Traction sensor F/M,0,0,0,0,0,0,0,0,0,0,0,0,Contact sensor V,1990.05,1846.92,2448.43,1757.2,1717.83,1915.59,Contact sensor F/M,0,0,0,0,0,0,Robot TCP position,-0.188164,0.39739,0.94924,-1.9971,0.59633,-0.787084,Robot Joint position,89.9962,-90.0028,-89.9978,-25.0039,-145.003,89.9923,Robot TCP Torque,-42.8521,22.0056,31.9678,4.91117,0.388041,14.4646,Robot Joint Torque,27.0612,-0.817616,12.6529,-5.23603,0.410457,-0.690922,
No.56:Traction sensor V,1338,1934,1289,1688,2071,1695,0,0,0,0,0,0,Traction sensor F/M,0,0,0,0,0,0,0,0,0,0,0,0,Contact sensor V,1988.83,1846.92,2448.43,1757.51,1718.14,1914.98,Contact sensor F/M,0,0,0,0,0,0,Robot TCP position,-0.188155,0.397359,0.94927,-1.99707,0.596303,-0.78704,Robot Joint position,89.9962,-90.002,-89.995,-25.0039,-145.001,89.9937,Robot TCP Torque,-41.2428,21.5042,31.3558,4.96144,-0.00998076,14.1356,Robot Joint Torque,26.8424,-1.03473,12.8639,-4.9184,0.410457,-0.748499,
No.57:Traction sensor V,1339,1932,1290,1690,2070,1695,0,0,0,0,0,0,Traction sensor F/M,0,0,0,0,0,0,0,0,0,0,0,0,Contact sensor V,1988.83,1846.62,2448.12,1757.2,1717.53,1914.98,Contact sensor F/M,0,0,0,0,0,0,Robot TCP position,-0.188172,0.397346,0.94928,-1.99704,0.596316,-0.78699,Robot Joint position,89.9983,-90.0014,-89.9943,-25.0046,-145.002,89.991,Robot TCP Torque,-41.7128,21.7345,31.5589,4.92684,0.42939,14.139,Robot Joint Torque,27.5718,-0.528129,12.9844,-5.12053,0.352417,-0.575769,
No.58:Traction sensor V,1339,1932,1289,1690,2070,1695,0,0,0,0,0,0,Traction sensor F/M,0,0,0,0,0,0,0,0,0,0,0,0,Contact sensor V,1989.14,1846.92,2447.81,1757.2,1717.83,1914.98,Contact sensor F/M,0,0,0,0,0,0,Robot TCP position,-0.188172,0.397386,0.94924,-1.99709,0.596283,-0.787028,Robot Joint position,89.9983,-90.0041,-89.9964,-25.0025,-145.002,89.9923,Robot TCP Torque,-42.316,23.1024,31.6172,5.3735,-0.043149,14.9574,Robot Joint Torque,27.4259,-0.745244,12.8036,-5.12053,0.381437,-0.719711,
No.59:Traction sensor V,1340,1932,1293,1691,2071,1694,0,0,0,0,0,0,Traction sensor F/M,0,0,0,0,0,0,0,0,0,0,0,0,Contact sensor V,1990.97,1846.92,2446.9,1756.9,1718.44,1914.98,Contact sensor F/M,0,0,0,0,0,0,Robot TCP position,-0.188175,0.397407,0.949246,-1.99713,0.596278,-0.787061,Robot Joint position,89.9983,-90.0048,-89.9957,-25.0053,-145.002,89.9923,Robot TCP Torque,-43.2953,22.0906,32.3137,4.6995,0.724428,14.5958,Robot Joint Torque,26.9153,-0.0938994,13.105,-5.09165,0.439477,-0.633346,
No.60:Traction sensor V,1340,1932,1290,1691,2068,1693,0,0,0,0,0,0,Traction sensor F/M,0,0,0,0,0,0,0,0,0,0,0,0,Contact sensor V,1989.14,1847.23,2448.12,1756.9,1718.14,1915.59,Contact sensor F/M,0,0,0,0,0,0,Robot TCP position,-0.188166,0.397404,0.949248,-1.99709,0.596327,-0.787101,Robot Joint position,89.9962,-90.0041,-89.995,-25.0039,-145.004,89.9937,Robot TCP Torque,-42.7434,23.1835,32.0314,5.3464,-0.0817777,15.0207,Robot Joint Torque,27.353,-1.17947,12.8639,-4.74515,0.410457,-0.633346,
No.61:Traction sensor V,1339,1931,1287,1691,2066,1693,0,0,0,0,0,0,Traction sensor F/M,0,0,0,0,0,0,0,0,0,0,0,0,Contact sensor V,1988.83,1847.23,2447.51,1757.2,1718.14,1914.67,Contact sensor F/M,0,0,0,0,0,0,Robot TCP position,-0.188165,0.397421,0.949242,-1.99714,0.596299,-0.787081,Robot Joint position,89.9969,-90.0055,-89.9957,-25.0053,-145.002,89.9923,Robot TCP Torque,-42.1522,22.4019,31.5012,5.05969,0.199946,14.6702,Robot Joint Torque,27.7177,-0.455758,13.0748,-5.06278,0.410457,-0.662134,
No.62:Traction sensor V,1338,1931,1286,1689,2066,1695,0,0,0,0,0,0,Traction sensor F/M,0,0,0,0,0,0,0,0,0,0,0,0,Contact sensor V,1989.75,1847.23,2448.12,1756.9,1717.83,1915.28,Contact sensor F/M,0,0,0,0,0,0,Robot TCP position,-0.188159,0.397415,0.949234,-1.99711,0.596333,-0.787099,Robot Joint position,89.9955,-90.0048,-89.9964,-25.0032,-145.003,89.993,Robot TCP Torque,-42.57,22.4738,32.0326,5.19635,-0.016274,14.6637,Robot Joint Torque,27.7177,-0.383386,13.0748,-5.00503,0.497516,-0.575769,
No.63:Traction sensor V,1338,1929,1286,1688,2066,1698,0,0,0,0,0,0,Traction sensor F/M,0,0,0,0,0,0,0,0,0,0,0,0,Contact sensor V,1990.05,1846.92,2447.81,1757.51,1717.83,1914.98,Contact sensor F/M,0,0,0,0,0,0,Robot TCP position,-0.188175,0.397372,0.949264,-1.99705,0.596296,-0.787027,Robot Joint position,89.9983,-90.0034,-89.9936,-25.0032,-145.002,89.993,Robot TCP Torque,-42.1968,22.5189,31.4511,5.10602,0.143379,14.8226,Robot Joint Torque,27.4989,-0.166271,13.0447,-5.06278,0.410457,-0.633346,
No.64:Traction sensor V,1337,1928,1285,1688,2069,1698,0,0,0,0,0,0,Traction sensor F/M,0,0,0,0,0,0,0,0,0,0,0,0,Contact sensor V,1988.83,1847.23,2448.73,1756.59,1718.75,1915.89,Contact sensor F/M,0,0,0,0,0,0,Robot TCP position,-0.188163,0.39741,0.949239,-1.99709,0.596334,-0.787078,Robot Joint position,89.9962,-90.0048,-89.9957,-25.0032,-145.003,89.9923,Robot TCP Torque,-42.7026,22.518,32.7422,4.95133,0.288651,14.6196,Robot Joint Torque,28.0094,-0.528129,12.8337,-4.83177,0.381437,-0.54698,
No.65:Traction sensor V,1338,1929,1288,1686,2075,1700,0,0,0,0,0,0,Traction sensor F/M,0,0,0,0,0,0,0,0,0,0,0,0,Contact sensor V,1990.66,1846.92,2447.51,1757.2,1718.75,1915.59,Contact sensor F/M,0,0,0,0,0,0,Robot TCP position,-0.188186,0.397392,0.949226,-1.99708,0.59629,-0.787059,Robot Joint position,89.999,-90.0041,-89.997,-25.0011,-145.004,89.993,Robot TCP Torque,-43.0004,22.2264,31.4639,5.22127,0.0489461,14.8853,Robot Joint Torque,27.4259,-1.03473,12.7433,-4.94727,0.439477,-0.633346,
No.66:Traction sensor V,1337,1931,1285,1687,2078,1699,0,0,0,0,0,0,Traction sensor F/M,0,0,0,0,0,0,0,0,0,0,0,0,Contact sensor V,1989.14,1846.62,2447.51,1757.2,1717.83,1915.89,Contact sensor F/M,0,0,0,0,0,0,Robot TCP position,-0.188159,0.39739,0.949246,-1.99706,0.596347,-0.787078,Robot Joint position,89.9955,-90.0034,-89.9957,-25.0025,-145.003,89.993,Robot TCP Torque,-41.6572,23.0643,31.6254,5.48232,-0.176049,14.9198,Robot Joint Torque,27.28,-0.817616,12.683,-5.06278,0.497516,-0.518192,
No.67:Traction sensor V,1337,1932,1286,1688,2078,1697,0,0,0,0,0,0,Traction sensor F/M,0,0,0,0,0,0,0,0,0,0,0,0,Contact sensor V,1989.14,1847.23,2448.12,1757.81,1717.83,1914.98,Contact sensor F/M,0,0,0,0,0,0,Robot TCP position,-0.188172,0.397363,0.949255,-1.99701,0.596333,-0.786971,Robot Joint position,89.9983,-90.0034,-89.9943,-25.0011,-145.002,89.9903,Robot TCP Torque,-42.681,22.6005,31.2076,5.34212,0.0501165,14.9376,Robot Joint Torque,26.7694,-1.39659,13.0146,-4.86065,0.497516,-0.719711,
No.68:Traction sensor V,1339,1935,1285,1690,2073,1695,0,0,0,0,0,0,Traction sensor F/M,0,0,0,0,0,0,0,0,0,0,0,0,Contact sensor V,1989.75,1846.92,2448.43,1757.2,1718.14,1915.28,Contact sensor F/M,0,0,0,0,0,0,Robot TCP position,-0.18817,0.397367,0.949243,-1.99703,0.596347,-0.787,Robot Joint position,89.9976,-90.0028,-89.9964,-25.0011,-145.002,89.9903,Robot TCP Torque,-43.1037,21.9489,31.0944,5.06833,0.318138,14.7198,Robot Joint Torque,27.28,-0.889987,12.9241,-4.74515,0.468496,-0.690922,
No.69:Traction sensor V,1339,1934,1282,1690,2069,1693,0,0,0,0,0,0,Traction sensor F/M,0,0,0,0,0,0,0,0,0,0,0,0,Contact sensor V,1990.97,1846.92,2448.12,1756.59,1718.75,1915.89,Contact sensor F/M,0,0,0,0,0,0,Robot TCP position,-0.188183,0.397361,0.949244,-1.99707,0.596279,-0.787045,Robot Joint position,89.999,-90.002,-89.997,-25.0018,-145.003,89.9937,Robot TCP Torque,-41.7546,22.1875,30.5353,5.34255,-0.20471,14.8636,Robot Joint Torque,27.6447,-0.383386,12.9844,-4.65852,0.410457,-0.604557,
No.70:Traction sensor V,1339,1934,1283,1689,2066,1692,0,0,0,0,0,0,Traction sensor F/M,0,0,0,0,0,0,0,0,0,0,0,0,Contact sensor V,1988.83,1846.62,2447.51,1757.51,1717.53,1914.67,Contact sensor F/M,0,0,0,0,0,0,Robot TCP position,-0.188159,0.397365,0.949272,-1.99703,0.596352,-0.787065,Robot Joint position,89.9955,-90.002,-89.9936,-25.0032,-145.003,89.9937,Robot TCP Torque,-42.7277,21.5582,31.0032,5.14512,0.0553124,14.6497,Robot Joint Torque,27.7177,-0.0215278,12.7433,-4.8029,0.381437,-0.518192,
No.71:Traction sensor V,1340,1933,1282,1689,2064,1691,0,0,0,0,0,0,Traction sensor F/M,0,0,0,0,0,0,0,0,0,0,0,0,Contact sensor V,1989.14,1847.23,2447.81,1756.59,1718.75,1916.2,Contact sensor F/M,0,0,0,0,0,0,Robot TCP position,-0.188184,0.397368,0.949252,-1.99705,0.596311,-0.78707,Robot Joint position,89.9983,-90.002,-89.9957,-25.0025,-145.004,89.9937,Robot TCP Torque,-42.9514,21.5346,30.6781,4.96625,0.344583,14.5567,Robot Joint Torque,27.2071,-0.889987,12.9543,-4.74515,0.468496,-0.662134,
No.72:Traction sensor V,1340,1933,1284,1687,2064,1691,0,0,0,0,0,0,Traction sensor F/M,0,0,0,0,0,0,0,0,0,0,0,0,Contact sensor V,1990.66,1847.23,2447.2,1757.2,1717.83,1915.28,Contact sensor F/M,0,0,0,0,0,0,Robot TCP position,-0.188178,0.397381,0.949246,-1.99706,0.596307,-0.787041,Robot Joint position,89.9983,-90.0034,-89.9957,-25.0025,-145.003,89.9923,Robot TCP Torque,-42.136,21.7532,30.58,5.11196,0.063928,14.5565,Robot Joint Torque,27.4989,-0.528129,13.0748,-4.65852,0.468496,-0.690922,
No.73:Traction sensor V,1340,1932,1286,1688,2064,1691,0,0,0,0,0,0,Traction sensor F/M,0,0,0,0,0,0,0,0,0,0,0,0,Contact sensor V,1988.53,1847.23,2448.12,1755.98,1717.83,1916.5,Contact sensor F/M,0,0,0,0,0,0,Robot TCP position,-0.188165,0.397396,0.949247,-1.9971,0.596303,-0.787068,Robot Joint position,89.9969,-90.0041,-89.9957,-25.0039,-145.002,89.993,Robot TCP Torque,-42.4521,21.1528,30.8499,5.08944,0.151389,14.317,Robot Joint Torque,27.28,-0.238643,12.6529,-4.68739,0.468496,-0.575769,
No.74:Traction sensor V,1341,1932,1290,1687,2063,1693,0,0,0,0,0,0,Traction sensor F/M,0,0,0,0,0,0,0,0,0,0,0,0,Contact sensor V,1990.36,1846.62,2447.2,1757.51,1718.75,1915.28,Contact sensor F/M,0,0,0,0,0,0,Robot TCP position,-0.188177,0.397366,0.949252,-1.99707,0.596256,-0.787026,Robot Joint position,89.999,-90.0034,-89.995,-25.0018,-145.002,89.9944,Robot TCP Torque,-42.0034,22.3052,30.5866,5.34649,-0.0478786,14.8596,Robot Joint Torque,27.7906,-1.03473,12.9241,-4.94727,0.439477,-0.662134,
No.75:Traction sensor V,1341,1932,1290,1687,2062,1694,0,0,0,0,0,0,Traction sensor F/M,0,0,0,0,0,0,0,0,0,0,0,0,Contact sensor V,1988.83,1846.31,2448.43,1757.2,1718.14,1915.59,Contact sensor F/M,0,0,0,0,0,0,Robot TCP position,-0.188159,0.397406,0.949253,-1.99714,0.596264,-0.787067,Robot Joint position,89.9969,-90.0055,-89.9943,-25.0046,-145.001,89.9944,Robot TCP Torque,-42.0181,22.2886,31.2246,5.51142,-0.232794,14.7756,Robot Joint Torque,27.5718,-0.672872,12.7735,-4.86065,0.439477,-0.604557,
No.76:Traction sensor V,1342,1932,1288,1684,2063,1694,0,0,0,0,0,0,Traction sensor F/M,0,0,0,0,0,0,0,0,0,0,0,0,Contact sensor V,1989.44,1846.92,2448.12,1757.51,1716.92,1916.2,Contact sensor F/M,0,0,0,0,0,0,Robot TCP position,-0.188172,0.397356,0.949248,-1.99707,0.596284,-0.787021,Robot Joint position,89.9983,-90.002,-89.997,-25.0018,-145.002,89.993,Robot TCP Torque,-41.7142,23.2805,30.997,5.47783,-0.234715,15.0125,Robot Joint Torque,27.1341,-1.03473,12.7735,-4.8029,0.439477,-0.662134,
No.77:Traction sensor V,1340,1930,1287,1682,2063,1695,0,0,0,0,0,0,Traction sensor F/M,0,0,0,0,0,0,0,0,0,0,0,0,Contact sensor V,1991.27,1847.53,2448.12,1757.51,1717.53,1914.98,Contact sensor F/M,0,0,0,0,0,0,Robot TCP position,-0.188157,0.397412,0.949237,-1.99711,0.596314,-0.787061,Robot Joint position,89.9962,-90.0055,-89.9957,-25.0032,-145.002,89.9923,Robot TCP Torque,-41.3099,23.2584,31.5573,5.30653,0.0631379,14.7286,Robot Joint Torque,27.6447,-0.455758,13.0146,-4.74515,0.439477,-0.575769,
No.78:Traction sensor V,1340,1931,1285,1681,2064,1695,0,0,0,0,0,0,Traction sensor F/M,0,0,0,0,0,0,0,0,0,0,0,0,Contact sensor V,1989.14,1846.92,2448.12,1757.51,1718.44,1914.67,Contact sensor F/M,0,0,0,0,0,0,Robot TCP position,-0.188166,0.397414,0.949237,-1.99709,0.596333,-0.787098,Robot Joint position,89.9962,-90.0048,-89.9957,-25.0032,-145.004,89.993,Robot TCP Torque,-42.4393,20.8252,30.6772,4.81559,0.494623,14.2597,Robot Joint Torque,27.1341,-0.600501,12.9241,-4.65852,0.381437,-0.719711,
No.79:Traction sensor V,1340,1932,1286,1683,2066,1696,0,0,0,0,0,0,Traction sensor F/M,0,0,0,0,0,0,0,0,0,0,0,0,Contact sensor V,1989.14,1846.92,2448.43,1757.51,1718.14,1915.28,Contact sensor F/M,0,0,0,0,0,0,Robot TCP position,-0.188165,0.397357,0.949253,-1.99701,0.596347,-0.787014,Robot Joint position,89.9969,-90.002,-89.9957,-25.0011,-145.002,89.9917,Robot TCP Torque,-41.7753,22.6809,30.6838,5.32628,-0.174553,14.8752,Robot Joint Torque,27.0612,-0.166271,12.9241,-4.57189,0.410457,-0.748499,
No.80:Traction sensor V,1338,1932,1283,1685,2064,1695,0,0,0,0,0,0,Traction sensor F/M,0,0,0,0,0,0,0,0,0,0,0,0,Contact sensor V,1990.36,1846.92,2448.12,1756.9,1718.14,1915.28,Contact sensor F/M,0,0,0,0,0,0,Robot TCP position,-0.188153,0.397382,0.949256,-1.99707,0.59633,-0.787055,Robot Joint position,89.9955,-90.0034,-89.995,-25.0032,-145.002,89.993,Robot TCP Torque,-41.9813,21.7177,30.4369,5.28319,-0.121559,14.6107,Robot Joint Torque,27.1341,-0.238643,12.9543,-4.77402,0.497516,-0.662134,
No.81:Traction sensor V,1339,1934,1283,1687,2065,1694,0,0,0,0,0,0,Traction sensor F/M,0,0,0,0,0,0,0,0,0,0,0,0,Contact sensor V,1990.05,1846.92,2447.2,1756.9,1718.14,1915.59,Contact sensor F/M,0,0,0,0,0,0,Robot TCP position,-0.188164,0.397355,0.94925,-1.99703,0.596308,-0.786992,Robot Joint position,89.9976,-90.0028,-89.9957,-25.0004,-145.001,89.9923,Robot TCP Torque,-42.6916,22.8084,30.8952,5.41959,0.0494308,15.1916,Robot Joint Torque,27.7177,-0.455758,12.8337,-4.71627,0.352417,-0.518192,
No.82:Traction sensor V,1339,1934,1284,1688,2064,1693,0,0,0,0,0,0,Traction sensor F/M,0,0,0,0,0,0,0,0,0,0,0,0,Contact sensor V,1990.05,1846.92,2447.81,1756.29,1718.44,1915.59,Contact sensor F/M,0,0,0,0,0,0,Robot TCP position,-0.188178,0.397361,0.949249,-1.99704,0.596323,-0.787022,Robot Joint position,89.9983,-90.002,-89.9964,-25.0018,-145.003,89.9917,Robot TCP Torque,-41.8296,21.9019,30.3831,5.31298,-0.122942,14.7071,Robot Joint Torque,27.353,-1.17947,12.8036,-4.65852,0.439477,-0.604557,
No.83:Traction sensor V,1339,1934,1284,1690,2066,1691,0,0,0,0,0,0,Traction sensor F/M,0,0,0,0,0,0,0,0,0,0,0,0,Contact sensor V,1989.44,1847.23,2447.81,1757.2,1717.22,1915.59,Contact sensor F/M,0,0,0,0,0,0,Robot TCP position,-0.188168,0.397412,0.949236,-1.99708,0.596325,-0.787065,Robot Joint position,89.9969,-90.0055,-89.995,-25.0025,-145.003,89.9923,Robot TCP Torque,-42.9208,22.6121,30.939,5.23857,0.201058,14.9153,Robot Joint Torque,27.5718,-0.0215278,13.0748,-4.8029,0.352417,-0.662134,
No.84:Traction sensor V,1340,1935,1290,1689,2069,1691,0,0,0,0,0,0,Traction sensor F/M,0,0,0,0,0,0,0,0,0,0,0,0,Contact sensor V,1990.05,1846.92,2446.9,1755.98,1718.14,1915.59,Contact sensor F/M,0,0,0,0,0,0,Robot TCP position,-0.188162,0.397368,0.949268,-1.99707,0.596299,-0.787044,Robot Joint position,89.9969,-90.0028,-89.9943,-25.0039,-145.002,89.9937,Robot TCP Torque,-42.5566,22.1587,31.3166,5.29721,-0.074206,14.7576,Robot Joint Torque,27.4989,-0.672872,13.1351,-5.12053,0.439477,-0.662134,
No.85:Traction sensor V,1340,1936,1291,1690,2072,1693,0,0,0,0,0,0,Traction sensor F/M,0,0,0,0,0,0,0,0,0,0,0,0,Contact sensor V,1989.14,1847.23,2448.12,1757.51,1718.44,1915.28,Contact sensor F/M,0,0,0,0,0,0,Robot TCP position,-0.188153,0.39736,0.949249,-1.99707,0.59634,-0.787047,Robot Joint position,89.9955,-90.0014,-89.9978,-25.0025,-145.002,89.9923,Robot TCP Torque,-41.3783,21.8827,30.741,5.22616,-0.207144,14.5905,Robot Joint Torque,27.28,-0.600501,12.9844,-4.88952,0.439477,-0.719711,
No.86:Traction sensor V,1339,1938,1288,1690,2076,1695,0,0,0,0,0,0,Traction sensor F/M,0,0,0,0,0,0,0,0,0,0,0,0,Contact sensor V,1988.83,1846.92,2447.2,1756.59,1718.75,1914.98,Contact sensor F/M,0,0,0,0,0,0,Robot TCP position,-0.188165,0.39743,0.949223,-1.99713,0.596339,-0.787138,Robot Joint position,89.9955,-90.0048,-89.9978,-25.0039,-145.004,89.993,Robot TCP Torque,-43.5018,22.102,30.8453,5.28946,0.22906,15.0252,Robot Joint Torque,26.9153,-1.17947,12.6529,-4.57189,0.468496,-0.662134,
No.87:Traction sensor V,1337,1938,1289,1689,2075,1696,0,0,0,0,0,0,Traction sensor F/M,0,0,0,0,0,0,0,0,0,0,0,0,Contact sensor V,1989.14,1846.92,2448.73,1757.51,1717.53,1915.28,Contact sensor F/M,0,0,0,0,0,0,Robot TCP position,-0.188175,0.39737,0.949248,-1.99706,0.596308,-0.787021,Robot Joint position,89.9983,-90.0028,-89.9964,-25.0025,-145.002,89.9917,Robot TCP Torque,-42.5004,23.0927,31.4548,5.28595,-0.0386868,15.0289,Robot Joint Torque,27.4259,-1.25185,12.8639,-4.71627,0.468496,-0.662134,
No.88:Traction sensor V,1337,1936,1284,1688,2073,1697,0,0,0,0,0,0,Traction sensor F/M,0,0,0,0,0,0,0,0,0,0,0,0,Contact sensor V,1990.66,1847.23,2449.04,1756.29,1717.83,1914.98,Contact sensor F/M,0,0,0,0,0,0,Robot TCP position,-0.188156,0.397423,0.949227,-1.99709,0.596348,-0.787066,Robot Joint position,89.9955,-90.0062,-89.9957,-25.0018,-145.002,89.9917,Robot TCP Torque,-41.6669,21.9421,30.4754,5.16089,0.119137,14.4845,Robot Joint Torque,27.28,-0.745244,13.0146,-4.88952,0.439477,-0.575769,
No.89:Traction sensor V,1337,1934,1280,1687,2070,1697,0,0,0,0,0,0,Traction sensor F/M,0,0,0,0,0,0,0,0,0,0,0,0,Contact sensor V,1988.53,1846.92,2448.12,1756.9,1718.14,1914.98,Contact sensor F/M,0,0,0,0,0,0,Robot TCP position,-0.188175,0.397382,0.949239,-1.99707,0.596283,-0.787041,Robot Joint position,89.9983,-90.0041,-89.9957,-25.0011,-145.002,89.9937,Robot TCP Torque,-41.3822,22.1568,31.3148,5.29612,-0.217119,14.5672,Robot Joint Torque,27.5718,-0.889987,12.8337,-4.83177,0.323397,-0.604557,
No.90:Traction sensor V,1338,1930,1280,1686,2066,1695,0,0,0,0,0,0,Traction sensor F/M,0,0,0,0,0,0,0,0,0,0,0,0,Contact sensor V,1989.14,1846.92,2446.9,1755.98,1718.44,1915.28,Contact sensor F/M,0,0,0,0,0,0,Robot TCP position,-0.188166,0.397416,0.949219,-1.99706,0.596359,-0.78707,Robot Joint position,89.9962,-90.0055,-89.9964,-25.0004,-145.004,89.9917,Robot TCP Torque,-41.7123,22.1808,31.0564,5.34362,-0.269068,14.7307,Robot Joint Torque,26.8424,-0.889987,12.9241,-4.65852,0.439477,-0.54698,
No.91:Traction sensor V,1340,1929,1282,1685,2064,1694,0,0,0,0,0,0,Traction sensor F/M,0,0,0,0,0,0,0,0,0,0,0,0,Contact sensor V,1989.44,1847.23,2447.81,1756.9,1718.44,1914.67,Contact sensor F/M,0,0,0,0,0,0,Robot TCP position,-0.188155,0.397396,0.949228,-1.99711,0.596284,-0.787064,Robot Joint position,89.9962,-90.0048,-89.997,-25.0011,-145.001,89.9944,Robot TCP Torque,-41.3491,23.1458,31.051,5.48777,-0.352165,14.9113,Robot Joint Torque,27.353,-0.745244,12.683,-4.77402,0.381437,-0.719711,
No.92:Traction sensor V,1340,1931,1284,1687,2065,1693,0,0,0,0,0,0,Traction sensor F/M,0,0,0,0,0,0,0,0,0,0,0,0,Contact sensor V,1990.66,1846.92,2448.12,1757.51,1718.44,1915.59,Contact sensor F/M,0,0,0,0,0,0,Robot TCP position,-0.188178,0.397391,0.949234,-1.99708,0.596294,-0.787055,Robot Joint position,89.9983,-90.0041,-89.9964,-25.0018,-145.003,89.993,Robot TCP Torque,-42.6245,22.3439,30.7812,5.15469,0.205615,14.7649,Robot Joint Torque,26.9153,-1.1071,12.8036,-4.9184,0.439477,-0.633346,
No.93:Traction sensor V,1338,1931,1288,1687,2066,1693,0,0,0,0,0,0,Traction sensor F/M,0,0,0,0,0,0,0,0,0,0,0,0,Contact sensor V,1989.14,1846.92,2447.51,1756.29,1717.83,1915.59,Contact sensor F/M,0,0,0,0,0,0,Robot TCP position,-0.188171,0.397394,0.949242,-1.99705,0.596334,-0.78707,Robot Joint position,89.9969,-90.0041,-89.995,-25.0018,-145.004,89.993,Robot TCP Torque,-41.7342,22.7325,31.166,5.53754,-0.401803,14.9727,Robot Joint Torque,27.4989,-0.745244,12.8639,-4.83177,0.468496,-0.690922,
No.94:Traction sensor V,1337,1930,1289,1687,2067,1695,0,0,0,0,0,0,Traction sensor F/M,0,0,0,0,0,0,0,0,0,0,0,0,Contact sensor V,1990.36,1846.62,2447.81,1757.81,1718.75,1914.98,Contact sensor F/M,0,0,0,0,0,0,Robot TCP position,-0.188175,0.397398,0.949225,-1.99712,0.596239,-0.786996,Robot Joint position,89.9997,-90.0062,-89.9964,-25.0011,-145,89.9923,Robot TCP Torque,-42.2021,23.5387,30.8902,5.51398,-0.166582,15.1573,Robot Joint Torque,27.4989,-0.455758,12.8337,-4.60077,0.497516,-0.633346,
No.95:Traction sensor V,1336,1929,1288,1687,2068,1695,0,0,0,0,0,0,Traction sensor F/M,0,0,0,0,0,0,0,0,0,0,0,0,Contact sensor V,1990.97,1846.92,2446.9,1756.59,1718.14,1914.98,Contact sensor F/M,0,0,0,0,0,0,Robot TCP position,-0.188176,0.397389,0.949247,-1.99702,0.596354,-0.787032,Robot Joint position,89.9976,-90.0041,-89.9943,-25.0018,-145.004,89.991,Robot TCP Torque,-42.8281,21.5768,30.8458,5.15029,0.174316,14.6855,Robot Joint Torque,27.4259,-0.889987,12.7433,-4.57189,0.381437,-0.633346,
No.96:Traction sensor V,1337,1930,1290,1687,2069,1695,0,0,0,0,0,0,Traction sensor F/M,0,0,0,0,0,0,0,0,0,0,0,0,Contact sensor V,1990.66,1846.92,2448.43,1757.51,1718.44,1915.59,Contact sensor F/M,0,0,0,0,0,0,Robot TCP position,-0.188175,0.397389,0.949245,-1.99712,0.596253,-0.787074,Robot Joint position,89.9983,-90.0041,-89.9957,-25.0032,-145.002,89.9951,Robot TCP Torque,-42.7596,21.634,30.7823,5.00573,0.294317,14.5776,Robot Joint Torque,27.4989,-1.6137,12.6228,-4.74515,0.439477,-0.690922,
No.97:Traction sensor V,1339,1930,1290,1689,2067,1695,0,0,0,0,0,0,Traction sensor F/M,0,0,0,0,0,0,0,0,0,0,0,0,Contact sensor V,1988.83,1846.92,2447.51,1757.2,1718.44,1915.59,Contact sensor F/M,0,0,0,0,0,0,Robot TCP position,-0.188161,0.39743,0.949222,-1.99709,0.596342,-0.787055,Robot Joint position,89.9962,-90.0069,-89.9957,-25.0018,-145.002,89.991,Robot TCP Torque,-42.4241,22.9606,31.052,5.47866,-0.157883,15.1773,Robot Joint Torque,27.353,-0.166271,12.7433,-4.8029,0.439477,-0.633346,
No.98:Traction sensor V,1340,1930,1289,1688,2067,1695,0,0,0,0,0,0,Traction sensor F/M,0,0,0,0,0,0,0,0,0,0,0,0,Contact sensor V,1989.44,1846.92,2448.12,1757.51,1717.83,1915.28,Contact sensor F/M,0,0,0,0,0,0,Robot TCP position,-0.188163,0.397417,0.949225,-1.99709,0.596344,-0.78707,Robot Joint position,89.9962,-90.0055,-89.9964,-25.0018,-145.003,89.9917,Robot TCP Torque,-41.7228,22.0877,30.6851,5.19769,0.194796,14.4171,Robot Joint Torque,27.4259,-0.455758,12.9241,-4.74515,0.410457,-0.690922,
No.99:Traction sensor V,1341,1931,1290,1688,2066,1694,0,0,0,0,0,0,Traction sensor F/M,0,0,0,0,0,0,0,0,0,0,0,0,Contact sensor V,1989.75,1846.92,2447.2,1756.9,1717.53,1915.28,Contact sensor F/M,0,0,0,0,0,0,Robot TCP position,-0.188156,0.397423,0.949227,-1.99709,0.596338,-0.787074,Robot Joint position,89.9955,-90.0062,-89.9957,-25.0018,-145.002,89.9923,Robot TCP Torque,-42.2793,22.6745,31.1526,5.34852,-0.166913,14.9624,Robot Joint Torque,26.7694,-0.528129,12.9241,-4.65852,0.439477,-0.604557,
No.100:Traction sensor V,1341,1932,1291,1688,2066,1696,0,0,0,0,0,0,Traction sensor F/M,0,0,0,0,0,0,0,0,0,0,0,0,Contact sensor V,1989.44,1846.92,2448.43,1757.2,1718.14,1915.28,Contact sensor F/M,0,0,0,0,0,0,Robot TCP position,-0.188168,0.397417,0.949227,-1.99712,0.596299,-0.787093,Robot Joint position,89.9969,-90.0055,-89.9964,-25.0025,-145.003,89.9937,Robot TCP Torque,-41.9694,22.0398,30.7321,5.13996,0.0973067,14.602,Robot Joint Torque,27.6447,-0.962359,12.9844,-4.9184,0.439477,-0.604557,
