No.1:Traction sensor V,1337,1934,1290,1687,2076,1694,0,0,0,0,0,0,Traction sensor F/M,0,0,0,0,0,0,0,0,0,0,0,0,Contact sensor V,1990.05,1846.92,2447.81,1756.29,1718.44,1915.28,Contact sensor F/M,0,0,0,0,0,0,Robot TCP position,-0.139924,0.346076,0.973064,-2.05172,0.473835,-0.619885,Robot Joint position,89.9962,-90.0062,-89.9957,-25.0114,-135.011,89.991,Robot TCP Torque,-35.5627,20.7716,26.2633,7.58766,0.372376,18.0979,Robot Joint Torque,27.353,-0.296009,10.924,-3.1319,3.33004,-0.115154,
No.2:Traction sensor V,1337,1934,1291,1687,2075,1695,0,0,0,0,0,0,Traction sensor F/M,0,0,0,0,0,0,0,0,0,0,0,0,Contact sensor V,1990.66,1847.23,2449.04,1757.81,1718.14,1915.59,Contact sensor F/M,0,0,0,0,0,0,Robot TCP position,-0.139943,0.34608,0.973058,-2.05173,0.473825,-0.619949,Robot Joint position,89.9969,-90.0055,-89.9964,-25.0114,-135.014,89.993,Robot TCP Torque,-35.3092,18.384,25.3355,7.04902,0.692074,17.3412,Robot Joint Torque,27.4989,-0.874982,11.4363,-3.30515,3.4171,-0.0575769,
No.3:Traction sensor V,1337,1934,1290,1687,2075,1696,0,0,0,0,0,0,Traction sensor F/M,0,0,0,0,0,0,0,0,0,0,0,0,Contact sensor V,1990.05,1847.23,2448.12,1757.2,1718.75,1914.98,Contact sensor F/M,0,0,0,0,0,0,Robot TCP position,-0.139958,0.346044,0.973066,-2.05162,0.47388,-0.619926,Robot Joint position,89.9976,-90.0034,-89.995,-25.0094,-135.016,89.9917,Robot TCP Torque,-35.7088,19.6262,25.2699,7.18192,0.623755,17.8889,Robot Joint Torque,27.5718,0.644822,11.3761,-3.21853,3.47514,-0.0287884,
No.4:Traction sensor V,1338,1934,1288,1688,2075,1695,0,0,0,0,0,0,Traction sensor F/M,0,0,0,0,0,0,0,0,0,0,0,0,Contact sensor V,1990.66,1846.62,2448.73,1756.9,1718.44,1914.98,Contact sensor F/M,0,0,0,0,0,0,Robot TCP position,-0.139947,0.346067,0.973067,-2.05171,0.473797,-0.619915,Robot Joint position,89.9983,-90.0055,-89.995,-25.0114,-135.013,89.993,Robot TCP Torque,-35.8002,19.5224,26.2173,7.34508,0.14776,17.9146,Robot Joint Torque,27.7906,-0.802611,11.6473,-3.33403,3.35906,0.201519,
No.5:Traction sensor V,1338,1933,1286,1688,2075,1695,0,0,0,0,0,0,Traction sensor F/M,0,0,0,0,0,0,0,0,0,0,0,0,Contact sensor V,1989.44,1847.23,2448.12,1756.29,1717.83,1915.28,Contact sensor F/M,0,0,0,0,0,0,Robot TCP position,-0.13993,0.346059,0.97306,-2.05168,0.473864,-0.619963,Robot Joint position,89.9949,-90.0041,-89.9964,-25.0101,-135.014,89.9937,Robot TCP Torque,-34.9474,19.7661,25.4814,7.29756,-0.46421,18.025,Robot Joint Torque,27.4259,-0.00652272,11.6473,-3.21853,3.33004,0.777288,
No.6:Traction sensor V,1338,1933,1281,1687,2075,1696,0,0,0,0,0,0,Traction sensor F/M,0,0,0,0,0,0,0,0,0,0,0,0,Contact sensor V,1989.44,1846.92,2447.81,1755.98,1718.14,1915.28,Contact sensor F/M,0,0,0,0,0,0,Robot TCP position,-0.139944,0.346038,0.973086,-2.05166,0.47381,-0.619878,Robot Joint position,89.9983,-90.0041,-89.9936,-25.0114,-135.013,89.9923,Robot TCP Torque,-34.8187,19.5521,25.4766,7.19329,-0.899561,18.1864,Robot Joint Torque,27.6447,0.0658489,11.6473,-3.21853,3.38808,1.09396,
No.7:Traction sensor V,1339,1933,1278,1687,2073,1696,0,0,0,0,0,0,Traction sensor F/M,0,0,0,0,0,0,0,0,0,0,0,0,Contact sensor V,1989.75,1846.92,2448.43,1757.81,1718.44,1915.59,Contact sensor F/M,0,0,0,0,0,0,Robot TCP position,-0.139961,0.346081,0.973062,-2.0517,0.473849,-0.619984,Robot Joint position,89.9976,-90.0048,-89.9957,-25.0121,-135.017,89.993,Robot TCP Torque,-34.7611,19.1758,26.1009,7.16401,-1.62955,18.3714,Robot Joint Torque,27.5718,0.644822,11.2856,-3.18965,3.35906,1.66973,
No.8:Traction sensor V,1339,1933,1279,1687,2069,1697,0,0,0,0,0,0,Traction sensor F/M,0,0,0,0,0,0,0,0,0,0,0,0,Contact sensor V,1988.83,1846.92,2448.43,1757.81,1718.14,1914.98,Contact sensor F/M,0,0,0,0,0,0,Robot TCP position,-0.139962,0.346032,0.97307,-2.05162,0.473874,-0.619879,Robot Joint position,89.999,-90.0028,-89.9957,-25.0101,-135.015,89.9896,Robot TCP Torque,-33.889,18.2447,25.5817,6.92068,-2.33781,18.1069,Robot Joint Torque,27.6447,-0.223638,11.4062,-3.21853,3.44612,2.36065,
No.9:Traction sensor V,1339,1933,1281,1685,2065,1697,0,0,0,0,0,0,Traction sensor F/M,0,0,0,0,0,0,0,0,0,0,0,0,Contact sensor V,1988.83,1847.23,2447.81,1755.98,1718.75,1915.59,Contact sensor F/M,0,0,0,0,0,0,Robot TCP position,-0.139938,0.346048,0.973074,-2.05163,0.473926,-0.619907,Robot Joint position,89.9955,-90.0034,-89.995,-25.0107,-135.015,89.9896,Robot TCP Torque,-33.5633,21.3442,26.6206,7.73138,-2.08185,18.7253,Robot Joint Torque,28.3742,-0.368381,11.4966,-3.39178,3.44612,1.78488,
No.10:Traction sensor V,1341,1931,1283,1685,2064,1697,0,0,0,0,0,0,Traction sensor F/M,0,0,0,0,0,0,0,0,0,0,0,0,Contact sensor V,1990.36,1847.23,2448.73,1757.51,1718.14,1915.59,Contact sensor F/M,0,0,0,0,0,0,Robot TCP position,-0.139931,0.346021,0.973099,-2.05161,0.473915,-0.619875,Robot Joint position,89.9955,-90.002,-89.9936,-25.0121,-135.013,89.9896,Robot TCP Torque,-34.4595,18.221,25.0558,6.79223,-1.59878,18.0519,Robot Joint Torque,27.353,-0.296009,11.4363,-3.30515,3.4171,1.66973,
No.11:Traction sensor V,1342,1932,1285,1686,2064,1697,0,0,0,0,0,0,Traction sensor F/M,0,0,0,0,0,0,0,0,0,0,0,0,Contact sensor V,1988.83,1846.92,2448.12,1757.2,1718.14,1915.89,Contact sensor F/M,0,0,0,0,0,0,Robot TCP position,-0.139951,0.346036,0.973082,-2.05166,0.47389,-0.61989,Robot Joint position,89.9976,-90.002,-89.9964,-25.0128,-135.015,89.9889,Robot TCP Torque,-33.9299,18.5468,25.631,6.94136,-2.0131,17.9888,Robot Joint Torque,26.8424,-1.81581,11.3761,-3.2474,3.38808,1.78488,
No.12:Traction sensor V,1342,1932,1285,1687,2064,1696,0,0,0,0,0,0,Traction sensor F/M,0,0,0,0,0,0,0,0,0,0,0,0,Contact sensor V,1989.14,1846.92,2448.73,1757.51,1717.83,1914.98,Contact sensor F/M,0,0,0,0,0,0,Robot TCP position,-0.139936,0.346027,0.973084,-2.05163,0.473857,-0.619835,Robot Joint position,89.9976,-90.0034,-89.9943,-25.0107,-135.012,89.9896,Robot TCP Torque,-34.0642,19.1563,25.7771,6.97197,-1.82568,18.1735,Robot Joint Torque,27.1341,-0.296009,11.6172,-3.33403,3.53318,1.61215,
No.13:Traction sensor V,1342,1932,1286,1689,2067,1693,0,0,0,0,0,0,Traction sensor F/M,0,0,0,0,0,0,0,0,0,0,0,0,Contact sensor V,1990.66,1846.92,2448.12,1755.98,1718.44,1915.89,Contact sensor F/M,0,0,0,0,0,0,Robot TCP position,-0.13995,0.346074,0.973064,-2.05169,0.473897,-0.619961,Robot Joint position,89.9962,-90.0041,-89.9964,-25.0121,-135.016,89.991,Robot TCP Torque,-33.5614,18.821,25.4185,6.95524,-1.78599,17.9346,Robot Joint Torque,27.7906,0.0658489,11.4363,-3.27628,3.44612,1.61215,
No.14:Traction sensor V,1341,1934,1288,1689,2071,1692,0,0,0,0,0,0,Traction sensor F/M,0,0,0,0,0,0,0,0,0,0,0,0,Contact sensor V,1990.05,1847.23,2448.12,1756.59,1718.75,1915.28,Contact sensor F/M,0,0,0,0,0,0,Robot TCP position,-0.139942,0.346062,0.973068,-2.05167,0.473895,-0.619921,Robot Joint position,89.9962,-90.0041,-89.9957,-25.0114,-135.015,89.9903,Robot TCP Torque,-34.4112,19.5805,26.4564,7.16592,-1.79515,18.4035,Robot Joint Torque,27.4259,-0.513124,11.5569,-3.18965,3.44612,1.87125,
No.15:Traction sensor V,1340,1934,1288,1688,2070,1693,0,0,0,0,0,0,Traction sensor F/M,0,0,0,0,0,0,0,0,0,0,0,0,Contact sensor V,1988.83,1846.92,2448.12,1755.68,1718.14,1915.59,Contact sensor F/M,0,0,0,0,0,0,Robot TCP position,-0.13995,0.34604,0.973079,-2.05163,0.473909,-0.619904,Robot Joint position,89.9969,-90.0028,-89.995,-25.0114,-135.015,89.9896,Robot TCP Torque,-33.5936,18.3594,25.6823,6.90948,-2.01596,18.0059,Robot Joint Torque,26.9153,-0.368381,11.3158,-3.30515,3.47514,1.84246,
No.16:Traction sensor V,1339,1933,1288,1688,2070,1694,0,0,0,0,0,0,Traction sensor F/M,0,0,0,0,0,0,0,0,0,0,0,0,Contact sensor V,1989.75,1846.92,2448.12,1756.29,1718.44,1915.28,Contact sensor F/M,0,0,0,0,0,0,Robot TCP position,-0.139931,0.346054,0.973068,-2.05164,0.473906,-0.619852,Robot Joint position,89.9962,-90.0048,-89.995,-25.0101,-135.013,89.9882,Robot TCP Torque,-34.8962,18.0848,25.3637,6.71431,-1.61424,18.0265,Robot Joint Torque,27.1341,-0.657867,11.587,-3.2474,3.44612,1.78488,
No.17:Traction sensor V,1338,1933,1287,1688,2071,1695,0,0,0,0,0,0,Traction sensor F/M,0,0,0,0,0,0,0,0,0,0,0,0,Contact sensor V,1988.83,1846.92,2448.73,1755.98,1718.44,1915.59,Contact sensor F/M,0,0,0,0,0,0,Robot TCP position,-0.139962,0.346052,0.973082,-2.05162,0.473885,-0.619906,Robot Joint position,89.9983,-90.0041,-89.9929,-25.0114,-135.016,89.9903,Robot TCP Torque,-33.8426,19.2144,25.8925,7.12552,-1.83386,18.0392,Robot Joint Torque,27.6447,-0.368381,11.4363,-3.2474,3.44612,1.87125,
No.18:Traction sensor V,1338,1933,1284,1689,2071,1696,0,0,0,0,0,0,Traction sensor F/M,0,0,0,0,0,0,0,0,0,0,0,0,Contact sensor V,1988.83,1847.23,2448.73,1756.9,1718.44,1914.98,Contact sensor F/M,0,0,0,0,0,0,Robot TCP position,-0.139947,0.346048,0.973077,-2.05167,0.473861,-0.619895,Robot Joint position,89.9976,-90.0034,-89.9957,-25.0121,-135.014,89.9903,Robot TCP Torque,-34.4394,19.2498,25.9973,7.19108,-2.18153,18.4939,Robot Joint Torque,27.4989,-0.00652272,11.4665,-3.27628,3.44612,1.92883,
No.19:Traction sensor V,1339,1935,1278,1691,2069,1694,0,0,0,0,0,0,Traction sensor F/M,0,0,0,0,0,0,0,0,0,0,0,0,Contact sensor V,1988.53,1846.62,2448.12,1756.29,1718.14,1915.89,Contact sensor F/M,0,0,0,0,0,0,Robot TCP position,-0.139942,0.346049,0.973083,-2.05164,0.473911,-0.619904,Robot Joint position,89.9962,-90.0034,-89.9943,-25.0121,-135.015,89.9896,Robot TCP Torque,-34.2838,19.6991,26.2551,7.26402,-1.86327,18.3917,Robot Joint Torque,27.2071,-0.296009,11.5268,-3.27628,3.35906,1.66973,
No.20:Traction sensor V,1339,1934,1280,1691,2069,1694,0,0,0,0,0,0,Traction sensor F/M,0,0,0,0,0,0,0,0,0,0,0,0,Contact sensor V,1989.75,1846.62,2448.12,1757.2,1718.44,1915.59,Contact sensor F/M,0,0,0,0,0,0,Robot TCP position,-0.139955,0.346037,0.97309,-2.05165,0.473873,-0.619883,Robot Joint position,89.9983,-90.0028,-89.9943,-25.0128,-135.015,89.9896,Robot TCP Torque,-34.148,19.4829,26.1512,7.1911,-2.06713,18.2632,Robot Joint Torque,27.7177,-0.296009,11.587,-3.27628,3.4171,2.01519,
No.21:Traction sensor V,1340,1935,1281,1691,2067,1694,0,0,0,0,0,0,Traction sensor F/M,0,0,0,0,0,0,0,0,0,0,0,0,Contact sensor V,1988.22,1846.92,2447.51,1757.2,1718.14,1915.28,Contact sensor F/M,0,0,0,0,0,0,Robot TCP position,-0.139938,0.346063,0.973055,-2.05167,0.473898,-0.619937,Robot Joint position,89.9955,-90.0041,-89.997,-25.0101,-135.015,89.991,Robot TCP Torque,-34.1233,19.1273,25.6178,6.9277,-1.70059,18.1479,Robot Joint Torque,27.4989,-0.368381,11.4062,-3.36291,3.4171,1.81367,
No.22:Traction sensor V,1339,1935,1284,1691,2064,1691,0,0,0,0,0,0,Traction sensor F/M,0,0,0,0,0,0,0,0,0,0,0,0,Contact sensor V,1989.44,1846.92,2447.81,1757.51,1718.14,1914.98,Contact sensor F/M,0,0,0,0,0,0,Robot TCP position,-0.139951,0.346066,0.973068,-2.0517,0.473833,-0.619905,Robot Joint position,89.9983,-90.0048,-89.9957,-25.0121,-135.014,89.991,Robot TCP Torque,-34.6195,17.9341,25.787,6.80305,-1.60967,17.9552,Robot Joint Torque,27.28,-0.585496,11.3459,-3.2474,3.35906,1.61215,
No.23:Traction sensor V,1339,1933,1290,1688,2064,1692,0,0,0,0,0,0,Traction sensor F/M,0,0,0,0,0,0,0,0,0,0,0,0,Contact sensor V,1989.14,1847.53,2448.43,1757.51,1717.83,1915.28,Contact sensor F/M,0,0,0,0,0,0,Robot TCP position,-0.139966,0.346086,0.973061,-2.05168,0.473859,-0.61992,Robot Joint position,89.999,-90.0062,-89.9943,-25.0114,-135.016,89.9903,Robot TCP Torque,-34.0185,18.851,25.6273,6.9816,-1.79446,18.0722,Robot Joint Torque,27.4989,-0.657867,11.4062,-3.36291,3.47514,1.66973,
No.24:Traction sensor V,1338,1932,1290,1687,2064,1692,0,0,0,0,0,0,Traction sensor F/M,0,0,0,0,0,0,0,0,0,0,0,0,Contact sensor V,1990.05,1847.53,2449.04,1756.9,1718.44,1915.28,Contact sensor F/M,0,0,0,0,0,0,Robot TCP position,-0.139931,0.346028,0.973092,-2.05161,0.473915,-0.619875,Robot Joint position,89.9955,-90.0028,-89.9936,-25.0114,-135.013,89.9896,Robot TCP Torque,-34.1625,19.7397,26.146,7.19178,-1.97518,18.3669,Robot Joint Torque,27.353,-0.874982,11.587,-3.30515,3.272,1.75609,
No.25:Traction sensor V,1338,1932,1291,1685,2065,1693,0,0,0,0,0,0,Traction sensor F/M,0,0,0,0,0,0,0,0,0,0,0,0,Contact sensor V,1989.14,1847.23,2447.81,1757.2,1718.44,1915.28,Contact sensor F/M,0,0,0,0,0,0,Robot TCP position,-0.139962,0.346056,0.973072,-2.0517,0.473837,-0.619921,Robot Joint position,89.999,-90.0034,-89.9964,-25.0128,-135.015,89.991,Robot TCP Torque,-34.326,19.2743,25.6738,7.03465,-1.79155,18.3907,Robot Joint Torque,27.353,-0.513124,11.7679,-3.2474,3.4171,1.75609,
No.26:Traction sensor V,1339,1932,1290,1685,2066,1694,0,0,0,0,0,0,Traction sensor F/M,0,0,0,0,0,0,0,0,0,0,0,0,Contact sensor V,1988.83,1847.23,2448.43,1756.9,1718.44,1914.67,Contact sensor F/M,0,0,0,0,0,0,Robot TCP position,-0.13995,0.346053,0.973071,-2.05163,0.47391,-0.61994,Robot Joint position,89.9962,-90.0034,-89.995,-25.0107,-135.016,89.991,Robot TCP Torque,-33.6661,19.9048,25.8943,7.3453,-1.87581,18.2696,Robot Joint Torque,27.6447,-0.657867,11.6775,-3.33403,3.33004,1.81367,
No.27:Traction sensor V,1341,1933,1289,1686,2063,1692,0,0,0,0,0,0,Traction sensor F/M,0,0,0,0,0,0,0,0,0,0,0,0,Contact sensor V,1989.75,1846.92,2448.12,1756.59,1718.75,1915.59,Contact sensor F/M,0,0,0,0,0,0,Robot TCP position,-0.139943,0.346048,0.973069,-2.05164,0.473882,-0.61989,Robot Joint position,89.9969,-90.0041,-89.995,-25.0101,-135.014,89.9903,Robot TCP Torque,-33.7985,19.1776,25.416,7.0413,-1.91247,18.3408,Robot Joint Torque,27.7906,0.210592,11.587,-3.21853,3.44612,1.75609,
No.28:Traction sensor V,1341,1932,1287,1686,2063,1691,0,0,0,0,0,0,Traction sensor F/M,0,0,0,0,0,0,0,0,0,0,0,0,Contact sensor V,1988.53,1847.53,2449.04,1756.29,1718.44,1915.89,Contact sensor F/M,0,0,0,0,0,0,Robot TCP position,-0.139935,0.346046,0.973063,-2.05167,0.473899,-0.619917,Robot Joint position,89.9955,-90.0028,-89.9978,-25.0107,-135.014,89.9903,Robot TCP Torque,-34.1717,18.7536,25.7234,6.86545,-1.80913,18.1523,Robot Joint Torque,27.28,-0.223638,11.5268,-3.33403,3.47514,1.84246,
No.29:Traction sensor V,1340,1933,1287,1687,2064,1688,0,0,0,0,0,0,Traction sensor F/M,0,0,0,0,0,0,0,0,0,0,0,0,Contact sensor V,1989.75,1846.92,2448.43,1756.59,1718.44,1914.98,Contact sensor F/M,0,0,0,0,0,0,Robot TCP position,-0.13995,0.346056,0.973074,-2.05165,0.473921,-0.6199,Robot Joint position,89.9969,-90.0034,-89.9957,-25.0121,-135.015,89.9882,Robot TCP Torque,-34.1186,19.6208,25.994,7.21577,-1.94658,18.292,Robot Joint Torque,27.0612,-0.513124,11.7377,-3.2474,3.35906,1.64094,
No.30:Traction sensor V,1340,1933,1285,1687,2065,1689,0,0,0,0,0,0,Traction sensor F/M,0,0,0,0,0,0,0,0,0,0,0,0,Contact sensor V,1988.22,1846.62,2448.12,1757.51,1718.14,1914.98,Contact sensor F/M,0,0,0,0,0,0,Robot TCP position,-0.139966,0.346095,0.973057,-2.05172,0.473859,-0.619964,Robot Joint position,89.9983,-90.0055,-89.9964,-25.0128,-135.017,89.991,Robot TCP Torque,-34.1478,19.347,26.0515,7.25331,-2.11996,18.3884,Robot Joint Torque,27.28,-0.513124,11.4062,-3.30515,3.38808,1.9864,
No.31:Traction sensor V,1339,1932,1280,1685,2068,1689,0,0,0,0,0,0,Traction sensor F/M,0,0,0,0,0,0,0,0,0,0,0,0,Contact sensor V,1989.75,1846.92,2448.73,1757.2,1718.14,1915.28,Contact sensor F/M,0,0,0,0,0,0,Robot TCP position,-0.139946,0.346071,0.973059,-2.05171,0.473882,-0.619923,Robot Joint position,89.9969,-90.0041,-89.9978,-25.0121,-135.015,89.9896,Robot TCP Torque,-34.0231,19.2768,25.6233,7.05265,-1.9539,18.2763,Robot Joint Torque,27.353,0.0658489,11.3459,-3.39178,3.33004,1.92883,
No.32:Traction sensor V,1339,1933,1279,1686,2068,1690,0,0,0,0,0,0,Traction sensor F/M,0,0,0,0,0,0,0,0,0,0,0,0,Contact sensor V,1989.44,1846.31,2448.43,1756.9,1717.22,1915.28,Contact sensor F/M,0,0,0,0,0,0,Robot TCP position,-0.139961,0.34605,0.973067,-2.05161,0.473917,-0.619916,Robot Joint position,89.9976,-90.0034,-89.995,-25.0101,-135.017,89.9896,Robot TCP Torque,-34.3585,18.5745,25.89,6.94683,-1.71778,18.0629,Robot Joint Torque,26.9883,-0.368381,11.5268,-3.33403,3.44612,1.90004,
No.33:Traction sensor V,1340,1934,1281,1686,2068,1692,0,0,0,0,0,0,Traction sensor F/M,0,0,0,0,0,0,0,0,0,0,0,0,Contact sensor V,1989.14,1846.92,2448.73,1757.51,1718.44,1915.89,Contact sensor F/M,0,0,0,0,0,0,Robot TCP position,-0.139935,0.346044,0.973081,-2.05163,0.473889,-0.619881,Robot Joint position,89.9962,-90.0041,-89.9936,-25.0107,-135.013,89.9903,Robot TCP Torque,-34.8824,19.1662,25.9399,7.06751,-1.54488,18.3288,Robot Joint Torque,27.353,-0.296009,11.3459,-3.21853,3.33004,1.69852,
No.34:Traction sensor V,1341,1934,1286,1685,2068,1693,0,0,0,0,0,0,Traction sensor F/M,0,0,0,0,0,0,0,0,0,0,0,0,Contact sensor V,1989.75,1846.92,2448.43,1757.51,1717.22,1915.28,Contact sensor F/M,0,0,0,0,0,0,Robot TCP position,-0.139954,0.346089,0.973065,-2.05168,0.473894,-0.61991,Robot Joint position,89.9976,-90.0062,-89.9943,-25.0121,-135.015,89.9889,Robot TCP Torque,-33.8018,19.0204,25.678,7.03421,-1.94969,18.2436,Robot Joint Torque,27.353,-0.0788944,11.3761,-3.21853,3.35906,1.81367,
No.35:Traction sensor V,1342,1934,1288,1687,2069,1693,0,0,0,0,0,0,Traction sensor F/M,0,0,0,0,0,0,0,0,0,0,0,0,Contact sensor V,1987.92,1847.53,2449.04,1756.59,1718.44,1915.28,Contact sensor F/M,0,0,0,0,0,0,Robot TCP position,-0.139947,0.346039,0.973082,-2.05162,0.47391,-0.619849,Robot Joint position,89.9976,-90.0034,-89.9943,-25.0114,-135.014,89.9875,Robot TCP Torque,-34.7077,19.6125,25.6779,7.17423,-1.90207,18.671,Robot Joint Torque,27.28,-0.223638,11.4363,-3.42066,3.44612,1.75609,
No.36:Traction sensor V,1340,1934,1290,1687,2068,1694,0,0,0,0,0,0,Traction sensor F/M,0,0,0,0,0,0,0,0,0,0,0,0,Contact sensor V,1989.14,1846.92,2448.73,1756.29,1717.83,1915.28,Contact sensor F/M,0,0,0,0,0,0,Robot TCP position,-0.139954,0.346068,0.97308,-2.0517,0.473891,-0.61995,Robot Joint position,89.9969,-90.0034,-89.9957,-25.0142,-135.016,89.9903,Robot TCP Torque,-34.547,19.4631,26.2045,7.22657,-1.85641,18.4131,Robot Joint Torque,27.28,-0.00652272,11.8281,-3.42066,3.30102,1.61215,
No.37:Traction sensor V,1340,1932,1289,1686,2067,1695,0,0,0,0,0,0,Traction sensor F/M,0,0,0,0,0,0,0,0,0,0,0,0,Contact sensor V,1990.36,1846.92,2448.12,1757.51,1717.53,1915.59,Contact sensor F/M,0,0,0,0,0,0,Robot TCP position,-0.139931,0.346057,0.973092,-2.05167,0.473901,-0.619897,Robot Joint position,89.9955,-90.0041,-89.9936,-25.0135,-135.013,89.9896,Robot TCP Torque,-34.0129,19.1589,26.1042,7.22121,-1.98624,18.4094,Robot Joint Torque,27.4259,-0.223638,11.587,-3.18965,3.38808,1.66973,
No.38:Traction sensor V,1340,1932,1282,1687,2070,1694,0,0,0,0,0,0,Traction sensor F/M,0,0,0,0,0,0,0,0,0,0,0,0,Contact sensor V,1989.14,1846.92,2448.12,1757.51,1718.44,1915.28,Contact sensor F/M,0,0,0,0,0,0,Robot TCP position,-0.139958,0.346072,0.973072,-2.05167,0.473877,-0.619939,Robot Joint position,89.9976,-90.0048,-89.9943,-25.0121,-135.016,89.991,Robot TCP Torque,-33.868,18.8393,25.795,7.13072,-1.68932,17.9771,Robot Joint Torque,27.353,0.282964,11.4363,-3.39178,3.35906,1.9864,
No.39:Traction sensor V,1340,1932,1281,1687,2069,1696,0,0,0,0,0,0,Traction sensor F/M,0,0,0,0,0,0,0,0,0,0,0,0,Contact sensor V,1988.22,1846.92,2448.12,1757.2,1718.44,1915.59,Contact sensor F/M,0,0,0,0,0,0,Robot TCP position,-0.139945,0.346063,0.973065,-2.05165,0.473945,-0.619935,Robot Joint position,89.9955,-90.0034,-89.9964,-25.0114,-135.016,89.9889,Robot TCP Torque,-34.5664,19.8591,26.0921,7.2374,-1.92205,18.6806,Robot Joint Torque,27.2071,-0.0788944,11.7377,-3.30515,3.53318,1.66973,
No.40:Traction sensor V,1340,1931,1278,1687,2070,1696,0,0,0,0,0,0,Traction sensor F/M,0,0,0,0,0,0,0,0,0,0,0,0,Contact sensor V,1989.44,1846.92,2448.43,1756.29,1718.44,1915.59,Contact sensor F/M,0,0,0,0,0,0,Robot TCP position,-0.139958,0.346036,0.973078,-2.05159,0.473903,-0.619869,Robot Joint position,89.9983,-90.0034,-89.9936,-25.0101,-135.015,89.9889,Robot TCP Torque,-33.7745,20.2298,25.884,7.33554,-1.92361,18.7159,Robot Joint Torque,27.4259,-0.802611,11.6473,-3.36291,3.4171,1.90004,
No.41:Traction sensor V,1340,1931,1279,1687,2071,1697,0,0,0,0,0,0,Traction sensor F/M,0,0,0,0,0,0,0,0,0,0,0,0,Contact sensor V,1990.97,1847.23,2447.81,1757.81,1718.44,1914.98,Contact sensor F/M,0,0,0,0,0,0,Robot TCP position,-0.139954,0.346067,0.973072,-2.05169,0.473873,-0.619927,Robot Joint position,89.9976,-90.0041,-89.9957,-25.0128,-135.015,89.9903,Robot TCP Torque,-33.8048,19.9733,25.3075,7.17222,-1.73529,18.4496,Robot Joint Torque,27.6447,0.0658489,11.0747,-3.44953,3.4171,1.64094,
No.42:Traction sensor V,1339,1932,1278,1688,2070,1697,0,0,0,0,0,0,Traction sensor F/M,0,0,0,0,0,0,0,0,0,0,0,0,Contact sensor V,1990.36,1846.92,2446.9,1756.29,1717.83,1915.28,Contact sensor F/M,0,0,0,0,0,0,Robot TCP position,-0.139951,0.346053,0.973077,-2.05166,0.473879,-0.619863,Robot Joint position,89.9983,-90.0041,-89.995,-25.0121,-135.014,89.9882,Robot TCP Torque,-34.7067,18.5462,26.0341,6.80106,-1.7468,18.2299,Robot Joint Torque,27.4259,-0.585496,11.2555,-3.27628,3.35906,1.9864,
No.43:Traction sensor V,1339,1934,1282,1688,2070,1695,0,0,0,0,0,0,Traction sensor F/M,0,0,0,0,0,0,0,0,0,0,0,0,Contact sensor V,1988.53,1847.23,2447.51,1756.59,1718.14,1916.5,Contact sensor F/M,0,0,0,0,0,0,Robot TCP position,-0.139962,0.346021,0.973101,-2.05158,0.473914,-0.619876,Robot Joint position,89.9983,-90.002,-89.9922,-25.0121,-135.016,89.9889,Robot TCP Torque,-34.4982,19.5793,26.3581,7.20161,-1.84896,18.375,Robot Joint Torque,27.28,0.0658489,11.6473,-3.36291,3.4171,1.66973,
No.44:Traction sensor V,1339,1935,1284,1687,2069,1695,0,0,0,0,0,0,Traction sensor F/M,0,0,0,0,0,0,0,0,0,0,0,0,Contact sensor V,1990.05,1847.23,2448.43,1757.2,1718.44,1915.89,Contact sensor F/M,0,0,0,0,0,0,Robot TCP position,-0.139954,0.346025,0.973081,-2.0516,0.473912,-0.61988,Robot Joint position,89.9976,-90.002,-89.995,-25.0107,-135.015,89.9889,Robot TCP Torque,-34.0264,18.634,25.5737,6.89037,-1.84501,18.041,Robot Joint Torque,27.5718,0.0658489,11.5569,-3.33403,3.47514,1.84246,
No.45:Traction sensor V,1340,1935,1281,1689,2068,1694,0,0,0,0,0,0,Traction sensor F/M,0,0,0,0,0,0,0,0,0,0,0,0,Contact sensor V,1989.14,1846.62,2448.73,1757.2,1718.44,1915.59,Contact sensor F/M,0,0,0,0,0,0,Robot TCP position,-0.139954,0.346024,0.9731,-2.05163,0.473886,-0.619906,Robot Joint position,89.9976,-90.0014,-89.9943,-25.0135,-135.015,89.9903,Robot TCP Torque,-33.923,18.6825,25.6269,6.91334,-1.83918,18.0107,Robot Joint Torque,27.2071,0.138221,11.3158,-3.27628,3.4171,1.9864,
No.46:Traction sensor V,1341,1935,1278,1686,2067,1694,0,0,0,0,0,0,Traction sensor F/M,0,0,0,0,0,0,0,0,0,0,0,0,Contact sensor V,1990.66,1846.92,2448.12,1756.9,1717.83,1914.98,Contact sensor F/M,0,0,0,0,0,0,Robot TCP position,-0.139955,0.346061,0.973073,-2.05165,0.47388,-0.619878,Robot Joint position,89.9983,-90.0048,-89.9943,-25.0114,-135.015,89.9889,Robot TCP Torque,-34.5443,19.4914,25.7303,7.12571,-1.68931,18.3453,Robot Joint Torque,27.1341,-0.802611,11.2555,-3.36291,3.38808,1.75609,
No.47:Traction sensor V,1340,1934,1277,1684,2065,1695,0,0,0,0,0,0,Traction sensor F/M,0,0,0,0,0,0,0,0,0,0,0,0,Contact sensor V,1989.14,1846.62,2448.73,1756.29,1718.44,1915.89,Contact sensor F/M,0,0,0,0,0,0,Robot TCP position,-0.139954,0.34605,0.97307,-2.05163,0.473879,-0.61991,Robot Joint position,89.9976,-90.0041,-89.9943,-25.0101,-135.015,89.991,Robot TCP Torque,-34.5752,19.4043,25.8877,7.14229,-1.829,18.4686,Robot Joint Torque,27.2071,-0.585496,11.4665,-3.33403,3.30102,1.55458,
No.48:Traction sensor V,1339,1933,1277,1682,2063,1695,0,0,0,0,0,0,Traction sensor F/M,0,0,0,0,0,0,0,0,0,0,0,0,Contact sensor V,1990.36,1846.62,2448.43,1757.2,1718.44,1915.89,Contact sensor F/M,0,0,0,0,0,0,Robot TCP position,-0.139955,0.346031,0.973079,-2.05166,0.47387,-0.619887,Robot Joint position,89.9983,-90.002,-89.9964,-25.0121,-135.015,89.9896,Robot TCP Torque,-34.6699,18.5373,26.1519,6.97053,-1.9602,18.1693,Robot Joint Torque,27.353,-0.657867,11.3158,-3.30515,3.44612,1.69852,
No.49:Traction sensor V,1339,1933,1279,1682,2063,1695,0,0,0,0,0,0,Traction sensor F/M,0,0,0,0,0,0,0,0,0,0,0,0,Contact sensor V,1990.05,1846.92,2448.73,1757.2,1718.44,1915.28,Contact sensor F/M,0,0,0,0,0,0,Robot TCP position,-0.139943,0.346065,0.973071,-2.0517,0.473876,-0.619907,Robot Joint position,89.9969,-90.0041,-89.9964,-25.0128,-135.014,89.9896,Robot TCP Torque,-33.918,19.3229,25.878,7.00391,-1.7363,18.2463,Robot Joint Torque,27.4989,-0.00652272,11.3761,-3.30515,3.38808,1.66973,
No.50:Traction sensor V,1338,1931,1282,1683,2067,1694,0,0,0,0,0,0,Traction sensor F/M,0,0,0,0,0,0,0,0,0,0,0,0,Contact sensor V,1989.14,1847.23,2447.81,1756.9,1717.53,1915.28,Contact sensor F/M,0,0,0,0,0,0,Robot TCP position,-0.139927,0.346038,0.973079,-2.05165,0.47388,-0.619889,Robot Joint position,89.9955,-90.0034,-89.995,-25.0107,-135.013,89.991,Robot TCP Torque,-34.4778,19.4273,25.783,7.12511,-2.04975,18.4325,Robot Joint Torque,26.9883,-0.0788944,11.6775,-3.30515,3.35906,1.78488,
No.51:Traction sensor V,1338,1931,1283,1685,2066,1693,0,0,0,0,0,0,Traction sensor F/M,0,0,0,0,0,0,0,0,0,0,0,0,Contact sensor V,1990.36,1846.62,2448.73,1757.2,1718.44,1915.59,Contact sensor F/M,0,0,0,0,0,0,Robot TCP position,-0.139954,0.346064,0.973077,-2.05166,0.473906,-0.619897,Robot Joint position,89.9976,-90.0041,-89.995,-25.0128,-135.015,89.9882,Robot TCP Torque,-34.4021,19.2188,25.6876,7.19925,-1.99781,18.4291,Robot Joint Torque,27.7906,-0.296009,11.587,-3.39178,3.33004,1.66973,
No.52:Traction sensor V,1340,1931,1283,1687,2069,1693,0,0,0,0,0,0,Traction sensor F/M,0,0,0,0,0,0,0,0,0,0,0,0,Contact sensor V,1989.75,1847.53,2448.43,1755.98,1717.83,1915.59,Contact sensor F/M,0,0,0,0,0,0,Robot TCP position,-0.139954,0.346061,0.973066,-2.05163,0.473897,-0.619897,Robot Joint position,89.9976,-90.0048,-89.9943,-25.0101,-135.015,89.9896,Robot TCP Torque,-32.4965,19.4984,25.4096,7.02526,-1.89516,17.9608,Robot Joint Torque,27.28,-0.368381,11.6172,-3.33403,3.38808,1.58336,
No.53:Traction sensor V,1339,1930,1285,1687,2072,1693,0,0,0,0,0,0,Traction sensor F/M,0,0,0,0,0,0,0,0,0,0,0,0,Contact sensor V,1988.53,1846.92,2448.73,1756.9,1718.14,1915.89,Contact sensor F/M,0,0,0,0,0,0,Robot TCP position,-0.139939,0.346046,0.973085,-2.05165,0.473892,-0.619901,Robot Joint position,89.9962,-90.0034,-89.9943,-25.0121,-135.014,89.9903,Robot TCP Torque,-34.2812,18.9791,25.9921,7.03615,-1.74071,18.219,Robot Joint Torque,27.2071,0.0658489,11.4363,-3.33403,3.44612,1.69852,
No.54:Traction sensor V,1339,1929,1285,1688,2071,1693,0,0,0,0,0,0,Traction sensor F/M,0,0,0,0,0,0,0,0,0,0,0,0,Contact sensor V,1990.66,1846.92,2448.73,1757.2,1718.44,1914.98,Contact sensor F/M,0,0,0,0,0,0,Robot TCP position,-0.139953,0.346054,0.973082,-2.05164,0.473943,-0.619935,Robot Joint position,89.9962,-90.0028,-89.995,-25.0128,-135.017,89.9889,Robot TCP Torque,-33.7304,18.4575,25.9418,6.90201,-1.95846,17.826,Robot Joint Torque,27.2071,-0.802611,11.5268,-3.2474,3.47514,1.72731,
No.55:Traction sensor V,1338,1928,1284,1688,2072,1693,0,0,0,0,0,0,Traction sensor F/M,0,0,0,0,0,0,0,0,0,0,0,0,Contact sensor V,1988.22,1846.92,2448.43,1756.29,1718.14,1914.98,Contact sensor F/M,0,0,0,0,0,0,Robot TCP position,-0.139939,0.346049,0.973075,-2.05168,0.473901,-0.619902,Robot Joint position,89.9962,-90.0028,-89.997,-25.0128,-135.014,89.9889,Robot TCP Torque,-34.1898,20.1002,26.5088,7.29801,-1.71326,18.4074,Robot Joint Torque,27.6447,-0.585496,11.9788,-3.36291,3.50416,1.81367,
No.56:Traction sensor V,1337,1928,1279,1687,2074,1693,0,0,0,0,0,0,Traction sensor F/M,0,0,0,0,0,0,0,0,0,0,0,0,Contact sensor V,1989.14,1846.92,2448.12,1756.29,1718.14,1914.67,Contact sensor F/M,0,0,0,0,0,0,Robot TCP position,-0.139946,0.346061,0.973063,-2.05168,0.473915,-0.619893,Robot Joint position,89.9969,-90.0034,-89.9978,-25.0121,-135.015,89.9875,Robot TCP Torque,-33.4397,19.4618,25.6699,7.04852,-1.94524,18.2856,Robot Joint Torque,27.6447,0.282964,11.4363,-3.30515,3.30102,1.78488,
No.57:Traction sensor V,1338,1929,1277,1687,2073,1692,0,0,0,0,0,0,Traction sensor F/M,0,0,0,0,0,0,0,0,0,0,0,0,Contact sensor V,1989.75,1847.23,2448.43,1757.2,1718.44,1914.06,Contact sensor F/M,0,0,0,0,0,0,Robot TCP position,-0.139947,0.346071,0.973064,-2.0517,0.473864,-0.6199,Robot Joint position,89.9976,-90.0048,-89.9964,-25.0121,-135.014,89.9896,Robot TCP Torque,-34.2605,20.5384,25.7797,7.41375,-1.97352,18.8813,Robot Joint Torque,27.4259,-0.151266,11.7076,-3.33403,3.35906,1.90004,
No.58:Traction sensor V,1338,1930,1277,1685,2074,1693,0,0,0,0,0,0,Traction sensor F/M,0,0,0,0,0,0,0,0,0,0,0,0,Contact sensor V,1990.66,1846.92,2448.12,1757.51,1718.75,1914.67,Contact sensor F/M,0,0,0,0,0,0,Robot TCP position,-0.139954,0.346054,0.973074,-2.05167,0.473868,-0.619927,Robot Joint position,89.9976,-90.0034,-89.9957,-25.0121,-135.015,89.991,Robot TCP Torque,-33.7065,19.937,26.0509,7.39132,-2.18377,18.4789,Robot Joint Torque,27.7177,-0.00652272,11.7377,-3.33403,3.33004,1.78488,
No.59:Traction sensor V,1339,1930,1281,1685,2073,1694,0,0,0,0,0,0,Traction sensor F/M,0,0,0,0,0,0,0,0,0,0,0,0,Contact sensor V,1990.66,1846.92,2448.73,1756.9,1718.14,1914.37,Contact sensor F/M,0,0,0,0,0,0,Robot TCP position,-0.139945,0.346047,0.973085,-2.05162,0.473953,-0.619922,Robot Joint position,89.9955,-90.0028,-89.9943,-25.0121,-135.016,89.9889,Robot TCP Torque,-34.0125,20.0639,25.8843,7.26612,-1.88752,18.5368,Robot Joint Torque,27.9365,-0.00652272,11.4363,-3.27628,3.33004,1.72731,
No.60:Traction sensor V,1339,1932,1283,1685,2070,1695,0,0,0,0,0,0,Traction sensor F/M,0,0,0,0,0,0,0,0,0,0,0,0,Contact sensor V,1989.44,1847.23,2448.43,1757.51,1717.83,1914.98,Contact sensor F/M,0,0,0,0,0,0,Robot TCP position,-0.13995,0.346071,0.973061,-2.05167,0.47392,-0.61994,Robot Joint position,89.9962,-90.0041,-89.9964,-25.0114,-135.016,89.9896,Robot TCP Torque,-34.8258,18.6158,25.7811,6.87331,-1.64186,18.0519,Robot Joint Torque,27.0612,-0.151266,11.4062,-3.30515,3.38808,1.78488,
No.61:Traction sensor V,1339,1931,1287,1684,2070,1695,0,0,0,0,0,0,Traction sensor F/M,0,0,0,0,0,0,0,0,0,0,0,0,Contact sensor V,1989.14,1847.23,2448.12,1757.51,1718.44,1915.28,Contact sensor F/M,0,0,0,0,0,0,Robot TCP position,-0.139945,0.346063,0.973072,-2.05165,0.473945,-0.619935,Robot Joint position,89.9955,-90.0034,-89.9957,-25.0121,-135.016,89.9889,Robot TCP Torque,-34.1282,19.8385,26.2512,7.23761,-2.00287,18.3188,Robot Joint Torque,26.4777,-0.0788944,11.2856,-3.36291,3.38808,1.78488,
No.62:Traction sensor V,1339,1933,1287,1685,2070,1696,0,0,0,0,0,0,Traction sensor F/M,0,0,0,0,0,0,0,0,0,0,0,0,Contact sensor V,1990.66,1846.92,2448.12,1755.68,1718.44,1915.59,Contact sensor F/M,0,0,0,0,0,0,Robot TCP position,-0.139946,0.34607,0.973064,-2.05169,0.47387,-0.619927,Robot Joint position,89.9969,-90.0048,-89.9957,-25.0114,-135.015,89.991,Robot TCP Torque,-33.0884,19.8664,26.1539,7.36755,-2.13363,18.2446,Robot Joint Torque,27.2071,0.282964,11.6473,-3.36291,3.35906,1.75609,
No.63:Traction sensor V,1339,1934,1283,1687,2072,1696,0,0,0,0,0,0,Traction sensor F/M,0,0,0,0,0,0,0,0,0,0,0,0,Contact sensor V,1989.75,1846.62,2448.12,1756.59,1717.83,1915.28,Contact sensor F/M,0,0,0,0,0,0,Robot TCP position,-0.139939,0.346063,0.973074,-2.05164,0.47392,-0.61988,Robot Joint position,89.9962,-90.0048,-89.9943,-25.0114,-135.014,89.9882,Robot TCP Torque,-34.1142,19.041,25.726,6.96278,-1.93187,18.2119,Robot Joint Torque,27.4259,0.210592,11.8583,-3.21853,3.33004,1.66973,
No.64:Traction sensor V,1339,1936,1285,1687,2075,1695,0,0,0,0,0,0,Traction sensor F/M,0,0,0,0,0,0,0,0,0,0,0,0,Contact sensor V,1988.53,1846.92,2448.43,1757.2,1718.75,1915.89,Contact sensor F/M,0,0,0,0,0,0,Robot TCP position,-0.139947,0.346068,0.973075,-2.05169,0.473866,-0.619895,Robot Joint position,89.9976,-90.0048,-89.995,-25.0128,-135.014,89.9896,Robot TCP Torque,-34.8636,18.8948,26.2019,7.03684,-2.01647,18.2968,Robot Joint Torque,27.7177,-0.296009,11.4062,-3.27628,3.38808,1.66973,
No.65:Traction sensor V,1339,1935,1286,1688,2073,1694,0,0,0,0,0,0,Traction sensor F/M,0,0,0,0,0,0,0,0,0,0,0,0,Contact sensor V,1990.66,1846.92,2447.2,1756.29,1717.83,1915.28,Contact sensor F/M,0,0,0,0,0,0,Robot TCP position,-0.13997,0.346063,0.973062,-2.05168,0.473875,-0.619927,Robot Joint position,89.999,-90.0034,-89.997,-25.0121,-135.017,89.9896,Robot TCP Torque,-33.7462,18.9316,25.9391,7.01481,-2.17216,18.1057,Robot Joint Torque,26.8424,-0.151266,11.3158,-3.39178,3.44612,1.84246,
No.66:Traction sensor V,1340,1935,1288,1688,2072,1691,0,0,0,0,0,0,Traction sensor F/M,0,0,0,0,0,0,0,0,0,0,0,0,Contact sensor V,1990.05,1846.31,2447.51,1756.29,1718.14,1915.28,Contact sensor F/M,0,0,0,0,0,0,Robot TCP position,-0.139955,0.346029,0.97307,-2.05165,0.473853,-0.6199,Robot Joint position,89.9983,-90.002,-89.997,-25.0107,-135.015,89.991,Robot TCP Torque,-34.1604,18.614,25.6281,6.92703,-1.82823,18.0647,Robot Joint Torque,27.353,-0.223638,11.5569,-3.36291,3.4171,1.55458,
No.67:Traction sensor V,1340,1933,1290,1686,2071,1692,0,0,0,0,0,0,Traction sensor F/M,0,0,0,0,0,0,0,0,0,0,0,0,Contact sensor V,1990.36,1847.23,2447.81,1757.2,1719.06,1915.59,Contact sensor F/M,0,0,0,0,0,0,Robot TCP position,-0.139946,0.346035,0.973086,-2.05164,0.473916,-0.619884,Robot Joint position,89.9969,-90.002,-89.9957,-25.0128,-135.015,89.9882,Robot TCP Torque,-33.891,19.5716,25.9412,7.19327,-2.05623,18.2915,Robot Joint Torque,26.8424,-0.440753,11.6473,-3.36291,3.44612,1.66973,
No.68:Traction sensor V,1341,1932,1291,1685,2067,1690,0,0,0,0,0,0,Traction sensor F/M,0,0,0,0,0,0,0,0,0,0,0,0,Contact sensor V,1989.14,1847.23,2448.43,1757.51,1717.83,1915.28,Contact sensor F/M,0,0,0,0,0,0,Robot TCP position,-0.139978,0.346062,0.973071,-2.05161,0.473869,-0.619883,Robot Joint position,90.0003,-90.0055,-89.9922,-25.0101,-135.017,89.9896,Robot TCP Torque,-33.6709,20.492,26.3624,7.53649,-2.58919,18.7151,Robot Joint Torque,27.353,0.138221,11.5268,-3.36291,3.35906,1.84246,
No.69:Traction sensor V,1341,1933,1288,1684,2067,1689,0,0,0,0,0,0,Traction sensor F/M,0,0,0,0,0,0,0,0,0,0,0,0,Contact sensor V,1990.36,1846.92,2447.81,1756.9,1718.44,1915.59,Contact sensor F/M,0,0,0,0,0,0,Robot TCP position,-0.139934,0.346063,0.97308,-2.05167,0.473917,-0.619904,Robot Joint position,89.9955,-90.0041,-89.995,-25.0128,-135.014,89.9889,Robot TCP Torque,-34.7415,20.7292,26.4134,7.57232,-2.1887,18.8874,Robot Joint Torque,26.4047,0.138221,11.3761,-3.2474,3.38808,1.66973,
No.70:Traction sensor V,1340,1933,1287,1684,2069,1690,0,0,0,0,0,0,Traction sensor F/M,0,0,0,0,0,0,0,0,0,0,0,0,Contact sensor V,1990.05,1847.23,2447.81,1756.9,1719.06,1914.98,Contact sensor F/M,0,0,0,0,0,0,Robot TCP position,-0.13995,0.346018,0.9731,-2.05164,0.473888,-0.619921,Robot Joint position,89.9969,-90.0007,-89.995,-25.0135,-135.015,89.991,Robot TCP Torque,-33.6891,18.9193,25.6776,6.95107,-1.93991,17.979,Robot Joint Torque,27.4989,-0.874982,11.3761,-3.30515,3.35906,1.64094,
No.71:Traction sensor V,1341,1936,1286,1684,2068,1691,0,0,0,0,0,0,Traction sensor F/M,0,0,0,0,0,0,0,0,0,0,0,0,Contact sensor V,1989.75,1846.92,2449.04,1756.59,1718.44,1915.59,Contact sensor F/M,0,0,0,0,0,0,Robot TCP position,-0.139942,0.346077,0.973083,-2.05169,0.473917,-0.619908,Robot Joint position,89.9962,-90.0048,-89.9943,-25.0142,-135.015,89.9882,Robot TCP Torque,-36.1325,18.4133,25.7357,6.93505,-1.63315,18.5922,Robot Joint Torque,27.4259,-0.296009,11.3459,-3.27628,3.35906,1.66973,
No.72:Traction sensor V,1342,1936,1285,1684,2069,1691,0,0,0,0,0,0,Traction sensor F/M,0,0,0,0,0,0,0,0,0,0,0,0,Contact sensor V,1990.05,1846.92,2449.04,1757.2,1718.44,1914.98,Contact sensor F/M,0,0,0,0,0,0,Robot TCP position,-0.139946,0.346037,0.973088,-2.05162,0.473921,-0.619876,Robot Joint position,89.9969,-90.0028,-89.9943,-25.0121,-135.015,89.9882,Robot TCP Torque,-34.8011,19.1115,25.6733,6.96933,-1.98489,18.4957,Robot Joint Torque,27.28,-0.296009,11.2555,-3.27628,3.44612,1.72731,
No.73:Traction sensor V,1341,1935,1286,1684,2069,1692,0,0,0,0,0,0,Traction sensor F/M,0,0,0,0,0,0,0,0,0,0,0,0,Contact sensor V,1989.14,1847.23,2448.73,1756.59,1717.53,1915.28,Contact sensor F/M,0,0,0,0,0,0,Robot TCP position,-0.139951,0.346027,0.973086,-2.05168,0.473856,-0.619884,Robot Joint position,89.9983,-90.0014,-89.997,-25.0135,-135.014,89.9896,Robot TCP Torque,-34.9796,17.7845,25.7295,6.69784,-1.47068,18.1028,Robot Joint Torque,27.353,-0.151266,11.587,-3.2474,3.38808,1.87125,
No.74:Traction sensor V,1340,1935,1283,1686,2070,1693,0,0,0,0,0,0,Traction sensor F/M,0,0,0,0,0,0,0,0,0,0,0,0,Contact sensor V,1988.83,1847.23,2448.43,1756.9,1718.44,1915.28,Contact sensor F/M,0,0,0,0,0,0,Robot TCP position,-0.139943,0.346044,0.973065,-2.05169,0.473833,-0.619901,Robot Joint position,89.9976,-90.0034,-89.997,-25.0107,-135.013,89.9917,Robot TCP Torque,-33.9063,19.875,25.9375,7.23348,-1.85873,18.3283,Robot Joint Torque,27.7177,-0.440753,11.4363,-3.30515,3.33004,1.64094,
No.75:Traction sensor V,1341,1932,1281,1686,2071,1693,0,0,0,0,0,0,Traction sensor F/M,0,0,0,0,0,0,0,0,0,0,0,0,Contact sensor V,1988.83,1847.23,2448.73,1757.51,1718.75,1915.28,Contact sensor F/M,0,0,0,0,0,0,Robot TCP position,-0.139946,0.346047,0.973077,-2.05164,0.473898,-0.619897,Robot Joint position,89.9969,-90.0034,-89.995,-25.0114,-135.015,89.9896,Robot TCP Torque,-34.7639,19.464,25.522,7.10197,-1.76667,18.4116,Robot Joint Torque,27.7177,-0.513124,11.587,-3.36291,3.38808,1.78488,
No.76:Traction sensor V,1340,1933,1283,1687,2071,1693,0,0,0,0,0,0,Traction sensor F/M,0,0,0,0,0,0,0,0,0,0,0,0,Contact sensor V,1990.05,1846.62,2449.04,1755.98,1718.44,1914.67,Contact sensor F/M,0,0,0,0,0,0,Robot TCP position,-0.139946,0.346014,0.973093,-2.0516,0.473909,-0.61988,Robot Joint position,89.9969,-90.0014,-89.9943,-25.0114,-135.015,89.9896,Robot TCP Torque,-34.129,19.6056,25.8802,7.09907,-1.53084,18.4335,Robot Joint Torque,27.5718,-0.368381,11.2555,-3.30515,3.4171,1.72731,
No.77:Traction sensor V,1340,1933,1281,1688,2070,1693,0,0,0,0,0,0,Traction sensor F/M,0,0,0,0,0,0,0,0,0,0,0,0,Contact sensor V,1988.83,1846.92,2448.43,1756.59,1718.14,1915.28,Contact sensor F/M,0,0,0,0,0,0,Robot TCP position,-0.139962,0.34603,0.973089,-2.05161,0.473905,-0.619889,Robot Joint position,89.9983,-90.002,-89.9943,-25.0121,-135.016,89.9889,Robot TCP Torque,-34.4932,19.8768,25.9891,7.2183,-1.95641,18.564,Robot Joint Torque,27.5718,-0.223638,11.4966,-3.36291,3.35906,1.66973,
No.78:Traction sensor V,1341,1934,1283,1688,2069,1693,0,0,0,0,0,0,Traction sensor F/M,0,0,0,0,0,0,0,0,0,0,0,0,Contact sensor V,1989.44,1846.92,2448.12,1756.9,1718.14,1915.59,Contact sensor F/M,0,0,0,0,0,0,Robot TCP position,-0.139947,0.346032,0.973088,-2.05162,0.473882,-0.619834,Robot Joint position,89.9983,-90.0034,-89.9936,-25.0114,-135.013,89.9882,Robot TCP Torque,-34.0619,18.682,25.7257,6.87866,-1.72095,18.181,Robot Joint Torque,27.6447,-0.151266,11.5268,-3.2474,3.4171,1.81367,
No.79:Traction sensor V,1342,1935,1284,1685,2068,1694,0,0,0,0,0,0,Traction sensor F/M,0,0,0,0,0,0,0,0,0,0,0,0,Contact sensor V,1989.44,1847.23,2448.12,1757.51,1718.14,1915.28,Contact sensor F/M,0,0,0,0,0,0,Robot TCP position,-0.139946,0.346075,0.973068,-2.05168,0.473873,-0.619922,Robot Joint position,89.9969,-90.0055,-89.9943,-25.0114,-135.015,89.991,Robot TCP Torque,-32.7517,19.3255,25.7774,7.04072,-2.20846,17.9936,Robot Joint Torque,27.28,0.500079,11.6172,-3.33403,3.38808,1.66973,
No.80:Traction sensor V,1343,1933,1284,1685,2070,1695,0,0,0,0,0,0,Traction sensor F/M,0,0,0,0,0,0,0,0,0,0,0,0,Contact sensor V,1988.83,1846.92,2448.43,1757.51,1718.44,1915.89,Contact sensor F/M,0,0,0,0,0,0,Robot TCP position,-0.139959,0.346062,0.973075,-2.05173,0.473841,-0.619906,Robot Joint position,89.999,-90.0034,-89.997,-25.0142,-135.015,89.9896,Robot TCP Torque,-34.2279,19.0971,26.0434,7.04644,-1.89173,18.1079,Robot Joint Torque,26.9883,0.0658489,11.6775,-3.36291,3.33004,1.87125,
No.81:Traction sensor V,1342,1933,1285,1686,2071,1697,0,0,0,0,0,0,Traction sensor F/M,0,0,0,0,0,0,0,0,0,0,0,0,Contact sensor V,1989.14,1847.53,2448.73,1756.29,1718.44,1915.89,Contact sensor F/M,0,0,0,0,0,0,Robot TCP position,-0.139959,0.346054,0.973081,-2.05167,0.473827,-0.619869,Robot Joint position,89.9997,-90.0048,-89.9936,-25.0121,-135.014,89.9903,Robot TCP Torque,-33.6792,19.2218,25.6727,6.99124,-1.65922,18.0966,Robot Joint Torque,27.28,0.0658489,11.7076,-3.39178,3.50416,1.78488,
No.82:Traction sensor V,1340,1933,1285,1686,2070,1698,0,0,0,0,0,0,Traction sensor F/M,0,0,0,0,0,0,0,0,0,0,0,0,Contact sensor V,1990.66,1847.53,2449.04,1756.9,1718.14,1915.28,Contact sensor F/M,0,0,0,0,0,0,Robot TCP position,-0.13993,0.346067,0.973082,-2.05165,0.473963,-0.619917,Robot Joint position,89.9942,-90.0041,-89.9943,-25.0128,-135.015,89.9882,Robot TCP Torque,-34.83,19.0418,25.5238,7.03233,-1.69556,18.4016,Robot Joint Torque,27.28,-0.223638,11.3158,-3.27628,3.33004,1.81367,
No.83:Traction sensor V,1339,1933,1286,1689,2069,1698,0,0,0,0,0,0,Traction sensor F/M,0,0,0,0,0,0,0,0,0,0,0,0,Contact sensor V,1990.05,1846.62,2449.34,1757.2,1718.14,1914.67,Contact sensor F/M,0,0,0,0,0,0,Robot TCP position,-0.139954,0.346036,0.973071,-2.05167,0.473861,-0.619931,Robot Joint position,89.9976,-90.002,-89.997,-25.0114,-135.015,89.9917,Robot TCP Torque,-32.4938,19.7959,25.8262,7.13324,-2.23606,18.15,Robot Joint Torque,27.7906,-0.223638,11.4363,-3.30515,3.30102,1.66973,
No.84:Traction sensor V,1335,1934,1286,1688,2066,1697,0,0,0,0,0,0,Traction sensor F/M,0,0,0,0,0,0,0,0,0,0,0,0,Contact sensor V,1990.36,1847.23,2448.73,1757.51,1717.83,1915.89,Contact sensor F/M,0,0,0,0,0,0,Robot TCP position,-0.139931,0.346057,0.973065,-2.05166,0.473911,-0.619888,Robot Joint position,89.9955,-90.0041,-89.9964,-25.0107,-135.013,89.9889,Robot TCP Torque,-34.5624,18.8224,25.5703,6.90387,-1.61816,18.1721,Robot Joint Torque,27.4989,-0.0788944,11.5268,-3.39178,3.53318,1.81367,
No.85:Traction sensor V,1335,1934,1287,1686,2064,1695,0,0,0,0,0,0,Traction sensor F/M,0,0,0,0,0,0,0,0,0,0,0,0,Contact sensor V,1990.05,1846.92,2448.43,1756.29,1718.44,1915.59,Contact sensor F/M,0,0,0,0,0,0,Robot TCP position,-0.139958,0.346015,0.973093,-2.05157,0.473908,-0.61986,Robot Joint position,89.9983,-90.002,-89.9929,-25.0107,-135.015,89.9889,Robot TCP Torque,-34.7255,18.7138,25.8864,6.92275,-1.82809,18.2483,Robot Joint Torque,27.7906,-0.513124,11.5268,-3.33403,3.4171,1.78488,
No.86:Traction sensor V,1336,1933,1284,1687,2062,1694,0,0,0,0,0,0,Traction sensor F/M,0,0,0,0,0,0,0,0,0,0,0,0,Contact sensor V,1989.44,1846.92,2448.43,1756.59,1717.83,1915.28,Contact sensor F/M,0,0,0,0,0,0,Robot TCP position,-0.139939,0.346039,0.973093,-2.05168,0.473884,-0.619914,Robot Joint position,89.9962,-90.002,-89.9957,-25.0142,-135.014,89.9903,Robot TCP Torque,-34.3283,18.9514,25.7834,7.01287,-1.91314,18.272,Robot Joint Torque,28.0824,-0.00652272,11.8281,-3.36291,3.35906,1.81367,
No.87:Traction sensor V,1336,1931,1285,1687,2062,1693,0,0,0,0,0,0,Traction sensor F/M,0,0,0,0,0,0,0,0,0,0,0,0,Contact sensor V,1988.53,1847.23,2449.04,1757.51,1718.14,1915.59,Contact sensor F/M,0,0,0,0,0,0,Robot TCP position,-0.139946,0.34609,0.973063,-2.05169,0.473905,-0.619901,Robot Joint position,89.9969,-90.0062,-89.995,-25.0121,-135.015,89.9882,Robot TCP Torque,-34.1128,19.6233,25.9919,7.21755,-2.05727,18.439,Robot Joint Torque,27.7906,-0.730239,11.587,-3.30515,3.38808,1.78488,
No.88:Traction sensor V,1338,1928,1284,1687,2063,1694,0,0,0,0,0,0,Traction sensor F/M,0,0,0,0,0,0,0,0,0,0,0,0,Contact sensor V,1989.14,1847.23,2447.2,1756.29,1717.53,1915.28,Contact sensor F/M,0,0,0,0,0,0,Robot TCP position,-0.139954,0.346052,0.973079,-2.05165,0.47392,-0.61992,Robot Joint position,89.9969,-90.0028,-89.9957,-25.0128,-135.016,89.9889,Robot TCP Torque,-34.2745,18.9311,25.9387,7.01411,-1.90789,18.2876,Robot Joint Torque,27.4259,0.210592,11.3459,-3.36291,3.38808,1.78488,
No.89:Traction sensor V,1339,1929,1282,1689,2064,1696,0,0,0,0,0,0,Traction sensor F/M,0,0,0,0,0,0,0,0,0,0,0,0,Contact sensor V,1988.53,1846.62,2448.12,1756.29,1717.22,1914.67,Contact sensor F/M,0,0,0,0,0,0,Robot TCP position,-0.139942,0.346025,0.973089,-2.05159,0.473925,-0.619918,Robot Joint position,89.9955,-90.002,-89.9936,-25.0107,-135.015,89.991,Robot TCP Torque,-34.3567,18.4956,25.7303,6.86317,-1.63186,18.053,Robot Joint Torque,27.9365,-0.657867,11.3158,-3.27628,3.38808,1.75609,
No.90:Traction sensor V,1339,1929,1282,1690,2064,1696,0,0,0,0,0,0,Traction sensor F/M,0,0,0,0,0,0,0,0,0,0,0,0,Contact sensor V,1990.66,1847.23,2448.43,1757.2,1717.83,1914.98,Contact sensor F/M,0,0,0,0,0,0,Robot TCP position,-0.139946,0.346071,0.973079,-2.05172,0.473871,-0.619931,Robot Joint position,89.9969,-90.0041,-89.9957,-25.0142,-135.015,89.9903,Robot TCP Torque,-34.43,18.4782,25.7824,6.90203,-1.80575,18.2425,Robot Joint Torque,27.4259,-0.368381,11.3761,-3.30515,3.272,1.95761,
No.91:Traction sensor V,1340,1928,1280,1691,2067,1696,0,0,0,0,0,0,Traction sensor F/M,0,0,0,0,0,0,0,0,0,0,0,0,Contact sensor V,1989.14,1846.92,2448.43,1756.9,1717.53,1914.67,Contact sensor F/M,0,0,0,0,0,0,Robot TCP position,-0.139947,0.346052,0.973081,-2.05166,0.473874,-0.619883,Robot Joint position,89.9976,-90.0041,-89.9943,-25.0121,-135.014,89.9896,Robot TCP Torque,-33.3877,19.9157,25.5749,7.24873,-2.0256,18.2945,Robot Joint Torque,27.353,0.282964,11.135,-3.44953,3.33004,1.90004,
No.92:Traction sensor V,1342,1930,1278,1690,2067,1696,0,0,0,0,0,0,Traction sensor F/M,0,0,0,0,0,0,0,0,0,0,0,0,Contact sensor V,1989.44,1846.92,2447.81,1756.9,1717.83,1915.89,Contact sensor F/M,0,0,0,0,0,0,Robot TCP position,-0.139966,0.346033,0.973074,-2.0516,0.473924,-0.619892,Robot Joint position,89.9983,-90.002,-89.9957,-25.0107,-135.017,89.9882,Robot TCP Torque,-34.0561,18.0586,25.6223,6.67674,-1.52426,17.6584,Robot Joint Torque,27.353,-0.00652272,11.5569,-3.39178,3.44612,1.78488,
No.93:Traction sensor V,1341,1931,1280,1690,2070,1695,0,0,0,0,0,0,Traction sensor F/M,0,0,0,0,0,0,0,0,0,0,0,0,Contact sensor V,1988.83,1847.53,2447.81,1756.9,1718.44,1914.98,Contact sensor F/M,0,0,0,0,0,0,Robot TCP position,-0.139942,0.346064,0.973078,-2.05166,0.473909,-0.619944,Robot Joint position,89.9955,-90.0041,-89.9943,-25.0121,-135.015,89.991,Robot TCP Torque,-33.972,20.1543,26.2078,7.44716,-2.06137,18.4899,Robot Joint Torque,27.28,0.717194,11.4665,-3.27628,3.44612,1.52579,
No.94:Traction sensor V,1340,1930,1284,1689,2070,1695,0,0,0,0,0,0,Traction sensor F/M,0,0,0,0,0,0,0,0,0,0,0,0,Contact sensor V,1988.83,1847.53,2448.12,1757.81,1718.14,1914.67,Contact sensor F/M,0,0,0,0,0,0,Robot TCP position,-0.13997,0.346053,0.973086,-2.05167,0.473839,-0.619917,Robot Joint position,89.9997,-90.0034,-89.9943,-25.0135,-135.016,89.991,Robot TCP Torque,-34.0553,18.9187,25.5235,7.00396,-1.796,18.2161,Robot Joint Torque,27.5718,-0.00652272,11.8281,-3.36291,3.272,1.81367,
No.95:Traction sensor V,1337,1931,1289,1687,2070,1697,0,0,0,0,0,0,Traction sensor F/M,0,0,0,0,0,0,0,0,0,0,0,0,Contact sensor V,1990.05,1847.23,2449.04,1757.81,1718.75,1914.98,Contact sensor F/M,0,0,0,0,0,0,Robot TCP position,-0.139951,0.346066,0.973062,-2.05167,0.47388,-0.619898,Robot Joint position,89.9976,-90.0048,-89.9957,-25.0107,-135.015,89.9896,Robot TCP Torque,-34.1411,19.1465,26.0927,7.07014,-1.79881,18.3634,Robot Joint Torque,27.1341,-0.874982,11.587,-3.39178,3.47514,1.69852,
No.96:Traction sensor V,1337,1932,1287,1687,2069,1696,0,0,0,0,0,0,Traction sensor F/M,0,0,0,0,0,0,0,0,0,0,0,0,Contact sensor V,1990.66,1847.53,2448.73,1756.59,1718.14,1915.89,Contact sensor F/M,0,0,0,0,0,0,Robot TCP position,-0.139942,0.346009,0.973108,-2.05163,0.473903,-0.619909,Robot Joint position,89.9962,-90,-89.995,-25.0142,-135.015,89.9903,Robot TCP Torque,-33.6546,18.909,25.9962,7.04933,-1.95249,17.9896,Robot Joint Torque,27.6447,-0.00652272,11.3459,-3.27628,3.44612,1.81367,
No.97:Traction sensor V,1337,1931,1286,1687,2068,1696,0,0,0,0,0,0,Traction sensor F/M,0,0,0,0,0,0,0,0,0,0,0,0,Contact sensor V,1989.14,1846.92,2447.81,1757.51,1717.22,1914.98,Contact sensor F/M,0,0,0,0,0,0,Robot TCP position,-0.139946,0.34603,0.973089,-2.05165,0.473913,-0.619889,Robot Joint position,89.9969,-90.0014,-89.9964,-25.0135,-135.015,89.9882,Robot TCP Torque,-33.5994,18.9255,25.8911,7.02673,-1.66292,17.7916,Robot Joint Torque,27.0612,-0.296009,11.3761,-3.27628,3.33004,1.69852,
No.98:Traction sensor V,1338,1931,1282,1688,2068,1696,0,0,0,0,0,0,Traction sensor F/M,0,0,0,0,0,0,0,0,0,0,0,0,Contact sensor V,1990.05,1846.92,2448.43,1757.51,1717.53,1915.28,Contact sensor F/M,0,0,0,0,0,0,Robot TCP position,-0.139958,0.346048,0.973083,-2.05163,0.47393,-0.619892,Robot Joint position,89.9976,-90.0028,-89.995,-25.0128,-135.016,89.9875,Robot TCP Torque,-34.5854,19.2244,25.5727,7.02719,-1.60654,18.2942,Robot Joint Torque,27.0612,-0.368381,11.4062,-3.30515,3.47514,1.75609,
No.99:Traction sensor V,1338,1931,1280,1688,2068,1695,0,0,0,0,0,0,Traction sensor F/M,0,0,0,0,0,0,0,0,0,0,0,0,Contact sensor V,1989.14,1846.92,2448.73,1757.2,1718.14,1915.28,Contact sensor F/M,0,0,0,0,0,0,Robot TCP position,-0.139954,0.346018,0.973102,-2.05162,0.473882,-0.619906,Robot Joint position,89.9976,-90.0014,-89.9936,-25.0128,-135.015,89.991,Robot TCP Torque,-35.2409,18.3763,25.048,6.71011,-1.32098,18.1685,Robot Joint Torque,27.4259,-0.223638,11.5569,-3.27628,3.30102,1.78488,
No.100:Traction sensor V,1341,1931,1278,1689,2068,1697,0,0,0,0,0,0,Traction sensor F/M,0,0,0,0,0,0,0,0,0,0,0,0,Contact sensor V,1990.05,1847.53,2448.12,1757.51,1718.14,1914.98,Contact sensor F/M,0,0,0,0,0,0,Robot TCP position,-0.139951,0.346053,0.973063,-2.05167,0.473869,-0.619871,Robot Joint position,89.9983,-90.0041,-89.9964,-25.0107,-135.014,89.9889,Robot TCP Torque,-33.3466,19.7962,25.6765,7.18497,-1.98088,18.1461,Robot Joint Torque,27.1341,-0.00652272,11.7679,-3.33403,3.35906,1.92883,
